HOLE:   984B
LEG:    162
TOP:    87.99
BOTTOM: 503.28


DEPTH   SUMT

87.990	3632.5
88.142	3661.0
88.294	3858.0
88.447	4098.5
88.599	3702.6
88.752	3238.8
88.904	3655.3
89.056	3941.2
89.209	3912.3
89.361	4269.6
89.514	4597.2
89.666	4618.0
89.818	4790.4
89.971	4395.5
90.123	4236.4
90.276	4056.0
90.428	3671.7
90.580	3607.1
90.733	3939.4
90.885	4182.0
91.038	4015.7
91.190	3875.8
91.342	3833.6
91.495	3705.5
91.647	3405.3
91.800	3062.8
91.952	2691.8
92.104	2483.4
92.257	2372.3
92.409	2357.9
92.562	2435.3
92.714	2489.1
92.866	2429.0
93.019	2412.2
93.171	2701.9
93.324	2837.4
93.476	3135.5
93.628	3138.7
93.781	3141.3
93.933	3140.1
94.086	2985.8
94.238	2809.6
94.390	3115.6
94.543	2876.4
94.695	2831.7
94.848	2779.4
95.000	3216.1
95.152	3741.9
95.305	3699.5
95.457	3719.2
95.610	3830.0
95.762	4011.2
95.914	4112.8
96.067	4021.9
96.219	3834.9
96.372	3631.7
96.524	3654.1
96.676	3757.1
96.829	3612.7
96.981	3570.3
97.134	3711.5
97.286	3617.5
97.438	3153.2
97.591	2702.5
97.743	2617.2
97.896	2989.3
98.048	2832.8
98.200	2582.9
98.353	2551.4
98.505	2655.0
98.658	2797.5
98.810	2507.5
98.962	2084.3
99.115	2007.0
99.267	2129.5
99.420	2149.7
99.572	2318.7
99.724	2384.0
99.877	2478.2
100.03	2830.8
100.18	3249.6
100.33	3511.8
100.49	3873.2
100.64	3774.7
100.79	3745.8
100.94	3903.5
101.10	4188.9
101.25	4489.4
101.40	4541.2
101.55	4605.9
101.71	4562.3
101.86	4419.8
102.01	4379.6
102.16	4376.4
102.32	3968.6
102.47	3511.6
102.62	3538.3
102.77	3602.7
102.93	3475.1
103.08	3283.7
103.23	3131.7
103.38	3206.5
103.53	3349.4
103.69	2851.2
103.84	2427.1
103.99	2419.4
104.14	2325.3
104.30	2165.0
104.45	2104.8
104.60	2318.2
104.75	2397.4
104.91	2579.6
105.06	2669.3
105.21	2645.2
105.36	2575.1
105.52	2710.0
105.67	2652.1
105.82	2505.2
105.97	2412.3
106.12	2184.7
106.28	2061.0
106.43	2290.0
106.58	2226.4
106.73	2253.2
106.89	2236.7
107.04	2392.9
107.19	2881.7
107.34	3133.6
107.50	2788.8
107.65	2560.0
107.80	2496.0
107.95	2416.3
108.11	2136.6
108.26	1986.7
108.41	2124.6
108.56	2170.7
108.72	2199.0
108.87	2125.6
109.02	2314.9
109.17	2565.4
109.33	2401.6
109.48	1904.7
109.63	1806.4
109.78	1841.0
109.94	1905.4
110.09	1724.4
110.24	1555.2
110.39	1836.7
110.55	2176.8
110.70	2829.4
110.85	3158.4
111.00	3325.6
111.15	3314.7
111.31	3276.7
111.46	3392.0
111.61	3425.1
111.76	3326.3
111.92	3109.1
112.07	2614.2
112.22	2577.0
112.37	2460.0
112.53	2425.7
112.68	2602.4
112.83	2816.4
112.98	2951.2
113.14	2967.7
113.29	3420.0
113.44	3695.3
113.59	3469.3
113.74	3453.3
113.90	4130.8
114.05	4496.6
114.20	4638.9
114.35	4578.8
114.51	3954.6
114.66	3746.4
114.81	3431.0
114.96	3130.8
115.12	2970.2
115.27	2941.4
115.42	3029.8
115.57	3079.3
115.73	3042.7
115.88	3055.4
116.03	2939.7
116.18	2803.1
116.34	2610.4
116.49	2367.0
116.64	2384.9
116.79	3145.7
116.95	3546.9
117.10	3801.4
117.25	4765.0
117.40	5506.0
117.56	5711.6
117.71	5546.0
117.86	5321.9
118.01	4968.2
118.17	5048.3
118.32	5412.3
118.47	4991.0
118.62	4467.8
118.77	4314.0
118.93	4119.3
119.08	3974.0
119.23	3867.3
119.38	3284.4
119.54	2713.2
119.69	2461.7
119.84	2363.6
119.99	2619.3
120.15	2813.9
120.30	2890.6
120.45	2955.0
120.60	3105.3
120.76	3566.2
120.91	4243.1
121.06	4215.0
121.21	4319.4
121.36	4382.0
121.52	4211.9
121.67	3942.4
121.82	4110.1
121.97	4365.7
122.13	4060.8
122.28	3504.1
122.43	3262.0
122.58	3004.8
122.74	2849.3
122.89	2692.0
123.04	2643.3
123.19	3021.0
123.35	3121.9
123.50	3593.9
123.65	3980.9
123.80	4097.3
123.96	4552.6
124.11	4425.6
124.26	4200.7
124.41	3969.7
124.57	3869.4
124.72	3832.7
124.87	3774.8
125.02	3721.3
125.18	3708.2
125.33	3317.5
125.48	2872.1
125.63	3223.6
125.79	3725.1
125.94	3877.3
126.09	3660.3
126.24	3412.6
126.39	3574.4
126.55	4248.8
126.70	4324.3
126.85	4176.3
127.00	4071.7
127.16	4059.3
127.31	4090.7
127.46	4349.7
127.61	5040.2
127.77	5426.5
127.92	5728.3
128.07	6161.6
128.22	6122.3
128.38	6055.3
128.53	5794.6
128.68	5548.3
128.83	5391.1
128.98	4884.0
129.14	4517.5
129.29	4030.6
129.44	3491.6
129.59	3176.3
129.75	3081.3
129.90	3046.7
130.05	3119.3
130.20	3172.6
130.36	3291.2
130.51	3574.2
130.66	4092.2
130.81	4135.0
130.97	4078.3
131.12	3972.1
131.27	3559.4
131.42	3302.9
131.58	3096.5
131.73	2844.3
131.88	2714.9
132.03	2567.3
132.19	2188.9
132.34	2087.4
132.49	2298.8
132.64	2629.7
132.80	2605.0
132.95	2606.3
133.10	2608.4
133.25	2837.0
133.40	3403.1
133.56	3375.7
133.71	3330.7
133.86	3571.3
134.01	3527.7
134.17	3461.0
134.32	3309.0
134.47	3178.2
134.62	2917.3
134.78	2933.7
134.93	2916.7
135.08	2874.4
135.23	2954.6
135.39	3200.8
135.54	3738.4
135.69	4472.7
135.84	4656.6
136.00	4573.0
136.15	4682.6
136.30	4834.7
136.45	4897.6
136.60	4660.2
136.76	4691.7
136.91	4662.7
137.06	4231.1
137.21	3611.4
137.37	3440.2
137.52	3095.7
137.67	3160.9
137.82	3306.3
137.98	3342.0
138.13	3347.0
138.28	3291.3
138.43	3245.4
138.59	3200.3
138.74	2821.2
138.89	2465.4
139.04	2275.0
139.20	2215.3
139.35	2249.6
139.50	2500.9
139.65	2818.2
139.81	3114.6
139.96	3845.4
140.11	4247.9
140.26	4356.3
140.42	4416.3
140.57	4504.7
140.72	4598.4
140.87	5012.3
141.02	5006.6
141.18	4933.7
141.33	4962.0
141.48	5077.0
141.63	5043.6
141.79	4768.8
141.94	4415.9
142.09	4593.4
142.24	5622.7
142.40	5601.0
142.55	5582.3
142.70	5593.3
142.85	5610.1
143.01	5353.8
143.16	4504.1
143.31	4034.9
143.46	3766.9
143.62	3780.7
143.77	3782.3
143.92	3867.3
144.07	3871.0
144.22	3528.7
144.38	3281.9
144.53	3041.3
144.68	2709.6
144.84	2578.5
144.99	2522.0
145.14	2391.7
145.29	2354.7
145.44	2464.6
145.60	2724.6
145.75	3137.9
145.90	3812.1
146.05	4662.0
146.21	4978.3
146.36	5234.7
146.51	5307.0
146.66	5261.2
146.82	4919.0
146.97	4222.9
147.12	3694.8
147.27	3638.4
147.43	3730.0
147.58	3877.7
147.73	3856.3
147.88	3710.2
148.04	3532.7
148.19	3391.3
148.34	3384.3
148.49	3347.0
148.64	3235.7
148.80	3176.3
148.95	3543.8
149.10	3941.6
149.25	3799.9
149.41	3484.5
149.56	3314.6
149.71	3123.4
149.86	3115.0
150.02	3178.0
150.17	3199.3
150.32	3165.6
150.47	3047.0
150.63	3201.7
150.78	3319.0
150.93	3287.7
151.08	3495.1
151.24	3775.3
151.39	3837.3
151.54	3809.3
151.69	3800.7
151.84	3400.3
152.00	2981.8
152.15	2973.3
152.30	3028.1
152.46	3303.0
152.61	3278.0
152.76	3289.0
152.91	3318.4
153.06	3394.6
153.22	3390.5
153.37	4206.8
153.52	4024.3
153.67	4009.3
153.83	3995.3
153.98	3920.0
154.13	3612.7
154.28	2999.8
154.44	2392.9
154.59	2721.3
154.74	2747.7
154.89	2839.3
155.05	2823.0
155.20	3017.7
155.35	3203.9
155.50	3449.1
155.65	3956.8
155.81	3756.3
155.96	3574.7
156.11	3501.0
156.26	3441.6
156.42	3400.3
156.57	3469.8
156.72	3460.7
156.87	3551.0
157.03	3540.0
157.18	3545.8
157.33	3549.7
157.48	3501.2
157.64	3394.7
157.79	3970.7
157.94	3956.4
158.09	3683.3
158.25	3488.6
158.40	3333.1
158.55	3047.9
158.70	2716.7
158.86	2598.3
159.01	2546.0
159.16	2467.9
159.31	2670.9
159.46	3203.7
159.62	3596.5
159.77	3912.0
159.92	3767.4
160.08	4305.0
160.23	4475.3
160.38	4463.7
160.53	4378.9
160.68	4035.7
160.84	3394.6
160.99	3334.7
161.14	3219.2
161.29	2515.9
161.45	2378.3
161.60	2332.7
161.75	2124.0
161.90	1768.9
162.06	1588.7
162.21	1597.3
162.36	1626.4
162.51	1665.4
162.67	1840.8
162.82	2088.1
162.97	2494.6
163.12	2605.3
163.27	2527.4
163.43	2411.2
163.58	2382.9
163.73	2610.0
163.88	2925.7
164.04	3111.0
164.19	3718.1
164.34	3876.0
164.49	3772.0
164.65	3688.4
164.80	3659.6
164.95	3551.0
165.10	3524.7
165.26	3536.7
165.41	3802.3
165.56	3819.3
165.71	3795.2
165.87	3763.7
166.02	3788.3
166.17	3887.1
166.32	4056.6
166.48	4010.3
166.63	3884.4
166.78	3627.6
166.93	3419.4
167.09	3302.6
167.24	2917.8
167.39	2616.8
167.54	2093.5
167.70	2373.3
167.85	3082.9
168.00	3780.0
168.15	4224.4
168.30	4495.6
168.46	4652.0
168.61	4759.0
168.76	4702.9
168.91	4302.8
169.07	4096.3
169.22	4110.3
169.37	4042.7
169.52	3983.0
169.68	3885.7
169.83	3692.9
169.98	3094.7
170.13	3294.3
170.29	3281.0
170.44	3169.7
170.59	3121.7
170.74	3495.4
170.89	3994.1
171.05	3924.0
171.20	4249.2
171.35	4315.7
171.50	4299.0
171.66	5518.3
171.81	6060.7
171.96	6241.3
172.11	6061.3
172.27	5899.0
172.42	6023.6
172.57	5842.3
172.72	5158.0
172.88	4968.4
173.03	4827.6
173.18	4566.4
173.33	4404.3
173.49	4507.6
173.64	4333.3
173.79	4288.7
173.94	4426.0
174.10	4534.4
174.25	4883.0
174.40	5122.5
174.55	4556.8
174.71	3925.4
174.86	4007.0
175.01	3808.0
175.16	3780.1
175.32	3780.0
175.47	3865.3
175.62	4475.0
175.77	4694.7
175.92	4725.0
176.08	4704.4
176.23	4789.6
176.38	4826.9
176.53	5045.0
176.69	5363.5
176.84	5610.6
176.99	6114.0
177.14	6118.7
177.30	6021.3
177.45	5750.4
177.60	5018.6
177.75	4442.9
177.91	4033.7
178.06	3806.6
178.21	3760.7
178.36	3762.1
178.51	4387.9
178.67	4841.6
178.82	4573.4
178.97	4307.6
179.12	4155.8
179.28	4074.3
179.43	4185.0
179.58	4265.0
179.73	3996.0
179.89	4017.7
180.04	4244.6
180.19	4009.4
180.34	3638.7
180.50	3503.7
180.65	3565.0
180.80	3713.6
180.95	3716.0
181.11	4132.0
181.26	4664.0
181.41	4717.0
181.56	4655.3
181.72	4531.9
181.87	4283.7
182.02	4250.6
182.17	4038.0
182.33	3867.3
182.48	3842.7
182.63	4108.1
182.78	4739.5
182.94	4899.3
183.09	4865.7
183.24	4822.8
183.39	4794.3
183.54	4708.7
183.70	4618.0
183.85	4609.6
184.00	4379.3
184.15	4417.0
184.31	4545.4
184.46	4888.6
184.61	5275.3
184.76	5257.5
184.92	5346.3
185.07	5525.6
185.22	5484.7
185.37	5162.4
185.53	4526.7
185.68	4510.0
185.83	4370.4
185.98	3872.6
186.13	3688.0
186.29	3497.9
186.44	3146.1
186.59	2575.4
186.74	2407.4
186.90	2998.7
187.05	3509.8
187.20	3698.3
187.35	4275.9
187.51	4949.8
187.66	5568.9
187.81	5237.7
187.96	5060.4
188.12	5176.8
188.27	5453.3
188.42	5401.7
188.57	5206.7
188.73	4962.7
188.88	4633.0
189.03	3801.0
189.18	3462.0
189.34	3225.9
189.49	3029.7
189.64	2912.0
189.79	3058.3
189.95	3028.4
190.10	3238.0
190.25	4292.7
190.40	4726.0
190.56	5066.4
190.71	5344.2
190.86	5473.7
191.01	5593.3
191.16	5645.7
191.32	5675.3
191.47	5538.0
191.62	5159.9
191.77	4594.4
191.93	4307.4
192.08	4112.0
192.23	3948.3
192.38	3891.0
192.54	4108.7
192.69	4336.4
192.84	4701.0
192.99	5328.4
193.15	5374.3
193.30	5368.0
193.45	5295.0
193.60	5173.1
193.75	5420.6
193.91	5686.9
194.06	5579.7
194.21	5217.0
194.36	4950.1
194.52	4703.0
194.67	4605.4
194.82	4243.4
194.97	3872.8
195.13	3449.7
195.28	3495.1
195.43	3765.3
195.58	3546.2
195.74	3107.8
195.89	3000.3
196.04	2942.4
196.19	2622.6
196.35	2393.4
196.50	2590.4
196.65	2818.2
196.80	2865.8
196.96	2869.6
197.11	3565.6
197.26	3759.4
197.41	3745.2
197.57	3722.5
197.72	4414.2
197.87	5302.3
198.02	5229.6
198.18	4647.3
198.33	4216.0
198.48	4055.0
198.63	4048.5
198.78	3810.5
198.94	3646.6
199.09	3994.6
199.24	4284.4
199.39	4374.7
199.55	4264.8
199.70	4277.3
199.85	4225.6
200.00	4037.7
200.16	3441.9
200.31	3008.5
200.46	2990.6
200.61	3064.6
200.77	3228.5
200.92	3366.6
201.07	3650.0
201.22	4320.1
201.37	4664.1
201.53	4567.0
201.68	4340.8
201.83	4188.6
201.98	3846.7
202.14	3601.9
202.29	3559.8
202.44	3756.7
202.59	4381.5
202.75	4700.0
202.90	5210.6
203.05	5353.3
203.20	5359.7
203.36	5380.5
203.51	5400.7
203.66	5390.8
203.81	5204.2
203.97	5243.0
204.12	5242.9
204.27	5095.8
204.42	4966.3
204.58	4759.4
204.73	4432.6
204.88	4120.2
205.03	3432.4
205.19	3074.7
205.34	3065.0
205.49	3089.7
205.64	3186.7
205.80	3326.4
205.95	3559.9
206.10	4034.7
206.25	4098.1
206.40	4116.0
206.56	4313.3
206.71	4257.7
206.86	4363.6
207.01	4356.7
207.17	4107.3
207.32	4051.3
207.47	4048.7
207.62	4002.4
207.78	3838.9
207.93	3471.4
208.08	3123.2
208.23	3024.7
208.39	2857.3
208.54	2834.1
208.69	3035.6
208.84	3285.5
208.99	3738.8
209.15	4371.0
209.30	4706.6
209.45	4795.1
209.60	4872.6
209.76	5033.0
209.91	5226.8
210.06	5246.7
210.21	5260.1
210.37	4943.9
210.52	5371.6
210.67	5430.3
210.82	4944.7
210.98	4567.3
211.13	4684.3
211.28	4889.9
211.43	4971.4
211.59	5255.1
211.74	5259.3
211.89	5328.1
212.04	4997.3
212.20	4717.7
212.35	4350.0
212.50	4215.3
212.65	4017.3
212.81	3855.1
212.96	3811.7
213.11	4133.1
213.26	4403.0
213.42	4432.2
213.57	4342.9
213.72	4350.0
213.87	4316.3
214.02	4309.2
214.18	4227.5
214.33	4068.0
214.48	3953.0
214.63	3874.4
214.79	3757.5
214.94	3384.4
215.09	2892.5
215.24	2744.0
215.40	2706.2
215.55	2513.7
215.70	2417.4
215.85	2498.6
216.01	2855.3
216.16	2989.1
216.31	2838.2
216.46	2735.0
216.61	2703.0
216.77	2651.3
216.92	2600.7
217.07	2445.4
217.22	2182.2
217.38	2340.0
217.53	2745.2
217.68	2952.8
217.83	3003.6
217.99	3056.0
218.14	3222.2
218.29	3858.5
218.44	4078.3
218.60	3943.2
218.75	3855.1
218.90	3805.3
219.05	3749.2
219.21	3732.3
219.36	3591.9
219.51	3172.9
219.66	3148.5
219.82	3037.7
219.97	3096.2
220.12	3346.7
220.27	3472.3
220.43	3529.2
220.58	3540.7
220.73	3506.0
220.88	3393.9
221.04	3309.1
221.19	3240.5
221.34	3026.9
221.49	2456.5
221.64	2195.4
221.80	2339.4
221.95	2406.2
222.10	2409.8
222.25	2308.0
222.41	2389.0
222.56	2464.2
222.71	2747.1
222.86	3111.4
223.02	3570.1
223.17	3683.6
223.32	3740.2
223.47	3956.1
223.63	4709.9
223.78	4924.6
223.93	4958.0
224.08	4785.0
224.23	4786.1
224.39	4829.4
224.54	4929.4
224.69	4720.1
224.84	4558.3
225.00	4410.0
225.15	4349.3
225.30	4274.4
225.45	4138.7
225.61	4074.0
225.76	4053.6
225.91	4068.0
226.06	4218.0
226.22	4354.3
226.37	4222.2
226.52	3944.4
226.67	3634.9
226.83	3291.4
226.98	3234.0
227.13	3314.0
227.28	3496.2
227.44	3763.5
227.59	3904.0
227.74	4146.9
227.89	4313.1
228.05	4225.5
228.20	3985.3
228.35	3705.5
228.50	3244.2
228.65	2827.9
228.81	2485.1
228.96	2345.4
229.11	2196.7
229.26	1963.0
229.42	1984.2
229.57	2121.4
229.72	2376.1
229.87	2613.3
230.03	2576.8
230.18	2506.2
230.33	2578.7
230.48	2664.7
230.64	2774.0
230.79	2800.0
230.94	2731.8
231.09	2739.7
231.25	3252.5
231.40	3627.5
231.55	4230.2
231.70	4283.6
231.85	4262.7
232.01	4212.4
232.16	4506.1
232.31	4483.7
232.46	4462.8
232.62	4314.8
232.77	3534.1
232.92	4464.8
233.07	4666.1
233.23	4437.6
233.38	4207.1
233.53	3666.0
233.68	4175.0
233.84	4331.8
233.99	4346.6
234.14	4268.6
234.29	3970.9
234.45	4031.3
234.60	3914.3
234.75	4234.6
234.90	4560.5
235.06	4449.0
235.21	4390.0
235.36	4376.5
235.51	4218.7
235.67	4536.5
235.82	4671.4
235.97	4454.2
236.12	4217.0
236.27	3982.4
236.43	3781.1
236.58	3513.4
236.73	3063.2
236.88	2505.9
237.04	2141.8
237.19	1939.8
237.34	1922.8
237.49	2013.7
237.65	2311.2
237.80	2706.1
237.95	3286.0
238.10	3747.6
238.26	3954.8
238.41	4047.1
238.56	4322.7
238.71	4606.8
238.87	4634.3
239.02	4671.7
239.17	4611.4
239.32	4696.0
239.47	4487.2
239.63	4343.6
239.78	4171.1
239.93	3723.3
240.09	3562.1
240.24	3342.8
240.39	3074.8
240.54	2787.3
240.69	2571.3
240.85	2642.4
241.00	2825.4
241.15	2949.4
241.30	3041.7
241.46	3229.3
241.61	3542.8
241.76	3752.4
241.91	3711.3
242.07	3687.7
242.22	3731.2
242.37	3781.2
242.52	3802.8
242.68	3644.4
242.83	3366.4
242.98	3019.8
243.13	2805.6
243.29	2665.8
243.44	2428.2
243.59	2070.2
243.74	1779.9
243.89	1722.0
244.05	1861.6
244.20	2102.1
244.35	2327.0
244.50	2452.7
244.66	2680.3
244.81	3380.9
244.96	3728.6
245.11	3786.5
245.27	3731.0
245.42	3757.5
245.57	4087.2
245.72	4151.1
245.88	4257.4
246.03	4285.0
246.18	4299.3
246.33	4195.5
246.49	4353.6
246.64	4742.0
246.79	4683.6
246.94	4477.0
247.09	4308.2
247.25	4028.7
247.40	4100.3
247.55	4362.0
247.71	4560.6
247.86	4322.0
248.01	4158.0
248.16	4054.7
248.31	3726.1
248.47	3515.4
248.62	3286.8
248.77	3494.1
248.92	3728.0
249.08	4101.4
249.23	4759.2
249.38	5158.3
249.53	5217.7
249.69	5398.8
249.84	5260.5
249.99	4893.7
250.14	4686.4
250.30	4744.3
250.45	4769.3
250.60	4794.2
250.75	4629.6
250.90	4374.0
251.06	4243.2
251.21	4138.2
251.36	4252.7
251.51	4318.2
251.67	4292.7
251.82	4323.3
251.97	4359.3
252.12	4200.9
252.28	3831.8
252.43	3476.6
252.58	3180.1
252.73	2835.3
252.89	2493.9
253.04	2324.7
253.19	2330.8
253.34	2481.8
253.50	2621.9
253.65	2665.0
253.80	3048.7
253.95	3264.9
254.11	3804.6
254.26	4122.6
254.41	4048.9
254.56	4124.4
254.71	4533.4
254.87	4753.9
255.02	4680.7
255.17	4469.8
255.33	4474.5
255.48	4546.1
255.63	4740.5
255.78	4905.2
255.93	4737.3
256.09	4870.0
256.24	5033.9
256.39	4896.3
256.54	4429.1
256.70	4266.2
256.85	4102.7
257.00	4008.2
257.15	3853.8
257.31	3212.4
257.46	2595.5
257.61	2350.4
257.76	2496.3
257.92	2385.5
258.07	2196.7
258.22	2317.4
258.37	2959.0
258.52	3222.5
258.68	3430.2
258.83	3638.3
258.98	3972.6
259.13	4137.5
259.29	4157.7
259.44	4007.2
259.59	4123.2
259.74	4259.0
259.90	4041.7
260.05	3677.7
260.20	3065.8
260.35	2587.6
260.51	2163.5
260.66	1893.6
260.81	1844.9
260.96	1765.3
261.12	1881.4
261.27	2094.0
261.42	2230.4
261.57	2549.1
261.73	3072.4
261.88	3272.8
262.03	2827.4
262.18	3470.1
262.34	3807.0
262.49	3733.6
262.64	3143.0
262.79	3304.2
262.95	3911.8
263.10	4576.3
263.25	4522.8
263.40	4474.4
263.55	4239.4
263.71	4175.9
263.86	4222.7
264.01	4253.2
264.16	4204.6
264.32	4133.9
264.47	4278.0
264.62	4754.4
264.77	4998.6
264.93	4803.3
265.08	4451.2
265.23	4425.3
265.38	4522.4
265.54	4386.4
265.69	4282.7
265.84	4471.6
265.99	4776.5
266.14	4885.6
266.30	4926.4
266.45	4844.4
266.60	4825.9
266.75	4873.2
266.91	4727.5
267.06	4539.3
267.21	4404.5
267.36	4220.8
267.52	4083.9
267.67	3569.2
267.82	2817.1
267.97	2317.0
268.13	2084.6
268.28	1905.6
268.43	1795.0
268.58	1787.2
268.74	1838.5
268.89	1989.5
269.04	2116.4
269.19	2167.8
269.35	2084.1
269.50	2139.0
269.65	2195.7
269.80	2210.0
269.96	2148.7
270.11	2147.8
270.26	2213.8
270.41	2259.6
270.57	2337.4
270.72	2615.0
270.87	2694.7
271.02	2689.2
271.17	2861.1
271.33	3114.4
271.48	3408.4
271.63	3623.2
271.78	3700.8
271.94	3781.6
272.09	4278.1
272.24	4495.3
272.39	4579.0
272.55	4726.5
272.70	4591.6
272.85	4527.0
273.00	4450.8
273.16	4366.3
273.31	4226.3
273.46	4025.4
273.61	3965.7
273.76	4082.7
273.92	4140.4
274.07	4159.0
274.22	4360.8
274.37	4437.6
274.53	4507.4
274.68	4503.4
274.83	4584.9
274.98	4957.1
275.14	5189.5
275.29	5166.0
275.44	5162.6
275.59	5071.2
275.75	5026.4
275.90	4898.5
276.05	4687.8
276.20	4313.7
276.36	4220.5
276.51	3943.5
276.66	3744.7
276.81	3406.4
276.97	2969.2
277.12	2515.1
277.27	2087.6
277.42	1814.7
277.58	1754.3
277.73	1821.3
277.88	2023.8
278.03	2160.0
278.19	2137.8
278.34	2176.8
278.49	2225.6
278.64	2307.7
278.79	2456.0
278.95	2792.8
279.10	3089.4
279.25	3373.4
279.40	3558.3
279.56	3745.7
279.71	4175.8
279.86	4658.3
280.01	4597.0
280.17	4491.0
280.32	4241.6
280.47	4089.9
280.62	3955.0
280.78	4373.5
280.93	4377.0
281.08	4484.9
281.23	4321.1
281.38	4233.2
281.54	4483.3
281.69	4204.9
281.84	4175.4
281.99	4410.3
282.15	4693.0
282.30	4613.0
282.45	4365.3
282.60	4353.0
282.76	4262.9
282.91	3982.8
283.06	3759.7
283.21	3646.9
283.37	3489.3
283.52	3223.6
283.67	3035.7
283.82	2835.9
283.98	2843.3
284.13	2844.3
284.28	3100.9
284.43	3563.7
284.59	3986.0
284.74	4110.8
284.89	4084.6
285.04	4013.3
285.20	4390.5
285.35	4650.3
285.50	4644.9
285.65	4600.5
285.81	4623.0
285.96	4714.4
286.11	4691.3
286.26	4567.9
286.41	4541.3
286.57	4051.4
286.72	3696.0
286.87	3509.3
287.02	3217.5
287.18	2972.6
287.33	2490.3
287.48	1876.5
287.63	1857.3
287.79	2117.5
287.94	2215.3
288.09	2259.1
288.24	2355.0
288.40	2451.2
288.55	2781.1
288.70	3087.0
288.85	3444.8
289.00	3763.7
289.16	3990.4
289.31	4293.5
289.46	4672.6
289.61	4558.8
289.77	4904.7
289.92	5131.2
290.07	5339.0
290.22	5383.2
290.38	5154.4
290.53	5225.0
290.68	5171.3
290.83	5179.0
290.99	5277.0
291.14	5197.8
291.29	5130.8
291.44	5017.0
291.60	5003.9
291.75	5184.3
291.90	5120.2
292.05	4917.7
292.21	4924.1
292.36	4876.7
292.51	4667.6
292.66	4490.7
292.82	4395.7
292.97	4481.1
293.12	4738.0
293.27	4898.4
293.43	4860.4
293.58	5053.5
293.73	4991.7
293.88	4997.8
294.03	5116.0
294.19	4769.6
294.34	4541.6
294.49	4554.3
294.64	4416.4
294.80	4404.3
294.95	4357.7
295.10	4295.3
295.25	4362.7
295.41	4659.7
295.56	4755.8
295.71	4797.0
295.86	4909.8
296.02	5180.0
296.17	5352.3
296.32	5144.9
296.47	5015.9
296.62	4803.4
296.78	4528.9
296.93	3795.3
297.08	3453.6
297.23	3327.6
297.39	3063.3
297.54	2718.2
297.69	2464.9
297.84	1997.2
298.00	1957.0
298.15	2017.8
298.30	2074.7
298.45	2120.3
298.61	2123.3
298.76	2101.3
298.91	2126.7
299.06	2242.7
299.22	2540.4
299.37	2923.7
299.52	3315.4
299.67	3670.7
299.83	3731.2
299.98	3719.7
300.13	3712.7
300.28	3748.8
300.44	3382.6
300.59	3036.5
300.74	3033.7
300.89	3277.3
301.05	3511.7
301.20	3651.1
301.35	3603.0
301.50	3896.1
301.65	4072.3
301.81	4095.3
301.96	4015.0
302.11	4028.1
302.26	4085.2
302.42	3957.9
302.57	3694.7
302.72	3261.9
302.87	2744.9
303.03	2437.6
303.18	2223.7
303.33	2190.3
303.48	2202.5
303.64	2195.0
303.79	2216.0
303.94	2397.0
304.09	2601.4
304.24	2741.0
304.40	3155.7
304.55	3580.9
304.70	4030.0
304.85	4202.2
305.01	4273.7
305.16	4467.3
305.31	4815.2
305.46	4818.0
305.62	4560.0
305.77	4451.4
305.92	4297.0
306.07	4471.7
306.23	4692.3
306.38	4764.7
306.53	4879.0
306.68	4739.2
306.84	4639.0
306.99	4298.3
307.14	4113.4
307.29	4239.0
307.45	3616.1
307.60	3888.3
307.75	4252.7
307.90	4995.2
308.06	4774.0
308.21	4814.1
308.36	5070.7
308.51	5206.1
308.67	5015.2
308.82	4495.5
308.97	3933.7
309.12	4115.5
309.27	4439.7
309.43	4605.3
309.58	4509.0
309.73	4273.2
309.88	4694.7
310.04	5594.0
310.19	5513.0
310.34	5328.3
310.49	5350.4
310.65	5254.7
310.80	5394.0
310.95	5613.3
311.10	5350.0
311.26	5218.0
311.41	5190.8
311.56	5501.3
311.71	5454.5
311.86	5257.0
312.02	4956.8
312.17	4916.7
312.32	4753.2
312.47	4567.0
312.63	4843.4
312.78	5039.5
312.93	5242.4
313.08	5451.7
313.24	5580.7
313.39	5657.3
313.54	5492.0
313.69	5310.7
313.85	5297.3
314.00	5202.3
314.15	4932.4
314.30	4643.2
314.46	4273.9
314.61	3709.2
314.76	3182.7
314.91	2844.3
315.07	2510.4
315.22	2344.0
315.37	2252.3
315.52	2244.7
315.68	2196.3
315.83	2184.1
315.98	2143.3
316.13	2156.3
316.29	2171.0
316.44	2105.7
316.59	1965.4
316.74	1932.3
316.89	1930.9
317.05	1886.0
317.20	2100.2
317.35	2582.5
317.50	2898.7
317.66	3162.1
317.81	3345.0
317.96	3501.5
318.11	3320.7
318.27	3455.4
318.42	3676.4
318.57	3696.5
318.72	3526.4
318.88	3640.2
319.03	4722.6
319.18	5360.2
319.33	5502.6
319.48	5385.3
319.64	5197.4
319.79	5317.8
319.94	5667.0
320.09	5772.1
320.25	5627.2
320.40	5202.6
320.55	5233.7
320.70	5180.9
320.86	5184.7
321.01	5244.3
321.16	5108.1
321.31	4776.8
321.47	5044.7
321.62	5204.0
321.77	5127.4
321.92	5029.0
322.08	4939.5
322.23	4869.0
322.38	4753.0
322.53	4283.2
322.69	3530.9
322.84	2990.9
322.99	2529.2
323.14	2243.3
323.30	2153.7
323.45	2041.3
323.60	1962.4
323.75	2078.0
323.90	2267.0
324.06	2565.6
324.21	2813.3
324.36	3111.4
324.51	3071.0
324.67	2899.1
324.82	3049.4
324.97	3438.5
325.12	3493.7
325.28	3548.4
325.43	3367.0
325.58	3552.2
325.73	4084.8
325.89	4567.1
326.04	4961.0
326.19	4881.0
326.34	4659.0
326.50	4342.8
326.65	4432.3
326.80	4834.1
326.95	5273.5
327.10	4922.7
327.26	4450.8
327.41	4715.3
327.56	5027.8
327.71	5079.7
327.87	5075.4
328.02	4847.0
328.17	4582.0
328.32	4439.4
328.48	4527.8
328.63	4302.7
328.78	4188.0
328.93	3754.5
329.09	4424.8
329.24	4878.6
329.39	4747.7
329.54	4183.9
329.70	3900.4
329.85	3851.2
330.00	3799.2
330.15	3368.6
330.31	3174.1
330.46	3401.5
330.61	4126.1
330.76	4679.8
330.92	4823.9
331.07	4907.3
331.22	5397.9
331.37	5697.3
331.52	5730.4
331.68	5844.7
331.83	5964.3
331.98	5901.8
332.13	5621.0
332.29	5502.1
332.44	5333.0
332.59	5335.3
332.74	5173.2
332.90	4768.8
333.05	4625.0
333.20	5010.7
333.35	5180.0
333.51	5341.0
333.66	5523.6
333.81	5532.0
333.96	5494.7
334.12	5546.7
334.27	5538.3
334.42	5249.3
334.57	4721.5
334.72	4187.0
334.88	3676.3
335.03	2999.9
335.18	2512.6
335.34	2264.5
335.49	2108.3
335.64	2058.2
335.79	2048.0
335.94	1994.0
336.10	1860.3
336.25	1875.0
336.40	1913.8
336.55	2018.0
336.71	2238.8
336.86	2719.9
337.01	3390.5
337.16	4098.1
337.32	4425.0
337.47	4333.4
337.62	4399.0
337.77	4415.7
337.93	4631.0
338.08	4708.3
338.23	4580.9
338.38	4462.7
338.54	4439.0
338.69	4473.3
338.84	4435.6
338.99	4250.8
339.14	4125.0
339.30	3983.8
339.45	3921.3
339.60	3899.6
339.75	3872.3
339.91	3803.7
340.06	3653.3
340.21	3383.9
340.36	3079.3
340.52	2909.7
340.67	2929.2
340.82	2945.0
340.97	2945.7
341.13	2869.4
341.28	2731.4
341.43	2647.6
341.58	2910.6
341.74	2899.7
341.89	2908.7
342.04	2861.4
342.19	3016.6
342.34	3149.5
342.50	3000.4
342.65	2940.8
342.80	2979.0
342.96	3009.8
343.11	2929.3
343.26	2780.8
343.41	2712.0
343.56	2598.7
343.72	2484.6
343.87	2383.3
344.02	2204.6
344.17	2082.7
344.33	2007.8
344.48	1949.0
344.63	1918.3
344.78	1972.5
344.94	2113.3
345.09	2262.8
345.24	2379.1
345.39	2423.0
345.55	2425.0
345.70	2396.2
345.85	2386.3
346.00	2519.0
346.15	2888.9
346.31	3229.2
346.46	3476.6
346.61	3861.1
346.76	4276.0
346.92	4347.0
347.07	4445.7
347.22	4439.3
347.37	4448.9
347.53	4538.0
347.68	4383.1
347.83	4727.5
347.98	4880.5
348.14	4810.4
348.29	4384.7
348.44	4174.9
348.59	4326.0
348.75	4633.4
348.90	3958.7
349.05	3760.5
349.20	4382.2
349.36	4635.4
349.51	4757.6
349.66	4873.8
349.81	4880.0
349.96	5084.2
350.12	5063.8
350.27	5003.0
350.42	5009.7
350.58	4979.3
350.73	4995.7
350.88	5054.9
351.03	4997.0
351.18	4973.7
351.34	5016.1
351.49	5055.7
351.64	5150.5
351.79	5370.3
351.95	5374.0
352.10	5386.1
352.25	5303.0
352.40	5258.3
352.56	5056.4
352.71	4702.0
352.86	4615.0
353.01	4370.5
353.17	3945.3
353.32	3738.6
353.47	3542.3
353.62	3465.6
353.77	3317.0
353.93	2929.9
354.08	2837.0
354.23	2748.7
354.38	2900.7
354.54	3060.0
354.69	3169.5
354.84	3289.4
354.99	3477.5
355.15	3516.7
355.30	3520.6
355.45	3339.2
355.60	3150.3
355.76	3039.4
355.91	2920.7
356.06	2864.4
356.21	2877.0
356.37	2777.5
356.52	2766.7
356.67	2697.1
356.82	2563.4
356.98	2461.8
357.13	2377.7
357.28	2356.5
357.43	2314.0
357.59	2335.7
357.74	2427.7
357.89	2638.7
358.04	2670.0
358.20	2647.7
358.35	2636.9
358.50	2717.9
358.65	2926.4
358.80	3173.7
358.96	3325.4
359.11	3519.4
359.26	3649.0
359.41	3849.9
359.57	4060.2
359.72	4223.6
359.87	4230.8
360.02	4143.0
360.18	4225.7
360.33	4059.9
360.48	4127.3
360.63	4073.2
360.79	3740.7
360.94	4042.4
361.09	4237.8
361.24	4296.7
361.39	4451.0
361.55	4535.2
361.70	4538.0
361.85	4646.5
362.00	4633.7
362.16	5030.0
362.31	4982.0
362.46	5004.8
362.61	5033.0
362.77	4940.4
362.92	4754.5
363.07	4861.0
363.22	4704.8
363.38	4458.1
363.53	4377.3
363.68	4436.0
363.83	4427.0
363.99	4417.1
364.14	4339.0
364.29	3892.6
364.44	3076.1
364.60	2444.2
364.75	2111.1
364.90	2014.7
365.05	1881.0
365.21	1673.0
365.36	1686.8
365.51	1740.7
365.66	1697.7
365.82	1650.4
365.97	1564.7
366.12	1495.5
366.27	1477.0
366.42	1547.0
366.58	1671.7
366.73	1808.7
366.88	1923.0
367.03	1995.7
367.19	2167.4
367.34	2337.6
367.49	2352.0
367.64	2430.7
367.80	2533.7
367.95	2564.0
368.10	2553.9
368.25	2555.0
368.41	2564.0
368.56	2560.1
368.71	2524.0
368.86	2456.6
369.01	2307.1
369.17	2271.0
369.32	2268.8
369.47	2268.3
369.62	2342.5
369.78	2420.0
369.93	2706.5
370.08	3090.0
370.23	3329.7
370.39	3419.3
370.54	3525.9
370.69	3342.2
370.84	3546.4
371.00	3798.9
371.15	4026.8
371.30	3673.8
371.45	3537.0
371.61	3971.8
371.76	4410.0
371.91	4296.8
372.06	4324.7
372.22	4188.3
372.37	4381.6
372.52	4371.3
372.67	4386.2
372.83	4542.4
372.98	4649.0
373.13	4479.5
373.28	4442.7
373.44	4587.9
373.59	4593.3
373.74	4638.4
373.89	4819.5
374.04	5188.3
374.20	5356.3
374.35	5343.3
374.50	5273.9
374.65	5509.3
374.81	5910.6
374.96	5560.4
375.11	5557.3
375.26	5569.7
375.42	5262.0
375.57	5033.7
375.72	4734.0
375.87	4799.1
376.03	5210.3
376.18	5044.7
376.33	5008.3
376.48	5043.0
376.63	5150.0
376.79	5269.6
376.94	5074.6
377.09	4686.3
377.24	4602.5
377.40	4549.7
377.55	4374.1
377.70	3914.3
377.85	3504.1
378.01	2950.7
378.16	2581.8
378.31	2492.0
378.46	2446.3
378.62	2479.5
378.77	2490.7
378.92	2623.3
379.07	2914.4
379.23	3195.7
379.38	3426.9
379.53	3581.6
379.68	3773.3
379.84	4085.1
379.99	4499.1
380.14	4706.0
380.29	4731.3
380.45	4867.4
380.60	5003.3
380.75	5097.3
380.90	4922.4
381.06	4835.1
381.21	4889.8
381.36	5193.0
381.51	5460.6
381.66	5270.0
381.82	5282.7
381.97	5337.5
382.12	5366.3
382.27	5317.3
382.43	5445.1
382.58	5666.0
382.73	5725.7
382.88	5800.6
383.04	5788.0
383.19	5867.0
383.34	5982.9
383.49	6366.7
383.65	6578.3
383.80	6423.6
383.95	6304.7
384.10	6296.4
384.25	6427.9
384.41	6729.3
384.56	6595.8
384.71	6353.7
384.86	6473.6
385.02	6531.1
385.17	6618.6
385.32	6578.0
385.47	6403.9
385.63	6167.7
385.78	6059.0
385.93	5999.7
386.08	5632.5
386.24	4943.6
386.39	4907.3
386.54	4931.7
386.69	5046.1
386.85	5104.3
387.00	5037.3
387.15	5073.6
387.30	4917.7
387.46	4711.3
387.61	4598.9
387.76	4385.6
387.91	4309.0
388.07	4227.6
388.22	4027.4
388.37	4080.0
388.52	4108.0
388.68	4044.7
388.83	4152.3
388.98	4114.3
389.13	3948.1
389.28	3774.3
389.44	3889.4
389.59	4004.7
389.74	4048.5
389.89	3897.4
390.05	3763.0
390.20	3782.3
390.35	3724.9
390.50	3607.5
390.66	3293.9
390.81	3244.4
390.96	3289.1
391.11	3191.6
391.26	3023.5
391.42	2841.8
391.57	2647.1
391.72	2412.5
391.88	1957.1
392.03	1621.8
392.18	1657.4
392.33	1699.9
392.48	1796.4
392.64	1931.6
392.79	2092.6
392.94	2150.8
393.09	2210.7
393.25	2403.4
393.40	2917.8
393.55	3298.6
393.70	3724.9
393.86	4418.5
394.01	4666.4
394.16	4726.0
394.31	4783.4
394.47	4863.7
394.62	4834.7
394.77	4972.0
394.92	5121.3
395.08	5276.9
395.23	5107.7
395.38	5093.3
395.53	5078.0
395.68	4966.0
395.84	4943.6
395.99	4943.0
396.14	4863.7
396.30	4818.0
396.45	4654.2
396.60	4400.5
396.75	4327.7
396.90	4214.7
397.06	4060.2
397.21	3666.4
397.36	2945.7
397.51	2308.4
397.67	2183.0
397.82	2056.8
397.97	1711.2
398.12	1685.7
398.28	1763.3
398.43	1865.4
398.58	1912.6
398.73	2073.9
398.89	2284.0
399.04	2409.4
399.19	2546.9
399.34	2743.9
399.49	2808.3
399.65	2926.1
399.80	3230.2
399.95	3548.5
400.11	4128.2
400.26	4583.7
400.41	4908.8
400.56	5189.5
400.71	5259.3
400.87	5322.0
401.02	5215.2
401.17	5185.1
401.32	5287.0
401.48	5352.0
401.63	5450.0
401.78	5284.7
401.93	5334.3
402.09	5335.7
402.24	5264.7
402.39	5419.6
402.54	5358.4
402.70	5307.4
402.85	5344.0
403.00	5322.4
403.15	5380.3
403.31	5359.3
403.46	5365.3
403.61	5402.3
403.76	5341.4
403.91	5374.6
404.07	5314.4
404.22	5264.0
404.37	5216.6
404.52	5159.7
404.68	5193.3
404.83	5426.7
404.98	5347.0
405.13	5291.9
405.29	5411.3
405.44	5580.3
405.59	5476.3
405.74	5304.3
405.90	5187.4
406.05	5116.1
406.20	4964.0
406.35	4590.1
406.51	4053.4
406.66	3669.5
406.81	3243.0
406.96	2795.5
407.12	2457.5
407.27	2242.9
407.42	2053.7
407.57	1811.3
407.72	1639.4
407.88	1746.3
408.03	2002.6
408.18	2105.6
408.33	2143.4
408.49	2245.9
408.64	2588.2
408.79	3331.3
408.94	3633.9
409.10	3730.8
409.25	3875.9
409.40	4238.3
409.55	4748.7
409.71	4973.7
409.86	5088.9
410.01	5210.6
410.16	5423.0
410.32	5669.7
410.47	5859.5
410.62	6050.9
410.77	5972.7
410.92	5890.5
411.08	5783.9
411.23	5663.4
411.38	5475.7
411.54	5321.2
411.69	5206.3
411.84	5162.7
411.99	5184.3
412.14	5039.0
412.30	4859.3
412.45	4696.1
412.60	4498.1
412.75	4332.3
412.91	4202.6
413.06	4002.0
413.21	3954.7
413.36	3965.7
413.52	4013.0
413.67	4006.3
413.82	3962.7
413.97	3826.7
414.13	3682.3
414.28	3640.0
414.43	3635.6
414.58	3748.6
414.73	3766.0
414.89	3623.0
415.04	3551.0
415.19	3554.3
415.35	3476.0
415.50	3242.6
415.65	2837.7
415.80	2406.3
415.95	2169.7
416.11	2081.3
416.26	2035.6
416.41	1972.7
416.56	1948.0
416.72	2077.5
416.87	2304.4
417.02	2467.5
417.17	2718.2
417.33	3124.3
417.48	3178.0
417.63	3264.0
417.78	3330.3
417.94	3483.0
418.09	3974.0
418.24	4530.9
418.39	4437.4
418.55	4346.0
418.70	4416.0
418.85	4833.5
419.00	5013.6
419.15	4877.1
419.31	4762.4
419.46	4762.1
419.61	5123.9
419.76	5562.7
419.92	5551.8
420.07	5553.7
420.22	5596.3
420.37	5596.7
420.53	5515.7
420.68	5376.7
420.83	5176.3
420.98	5129.3
421.14	5028.4
421.29	4836.0
421.44	4683.3
421.59	4553.6
421.75	4364.5
421.90	4144.4
422.05	3941.0
422.20	3466.1
422.36	2811.3
422.51	2351.5
422.66	2346.3
422.81	2318.0
422.96	2338.1
423.12	2499.6
423.27	2682.0
423.42	3100.1
423.57	3518.9
423.73	3976.7
423.88	4345.9
424.03	4485.7
424.18	4959.4
424.34	5135.2
424.49	5287.6
424.64	5239.0
424.79	4666.2
424.95	4333.9
425.10	4159.8
425.25	4016.4
425.40	3893.6
425.56	3725.5
425.71	3422.9
425.86	3589.6
426.01	3902.3
426.16	3896.6
426.32	3732.0
426.47	3845.6
426.62	4183.6
426.77	4170.3
426.93	4132.6
427.08	3991.1
427.23	3961.3
427.38	4136.4
427.54	4475.8
427.69	4791.1
427.84	4868.3
427.99	5036.0
428.15	5098.8
428.30	5108.3
428.45	5057.7
428.60	5186.7
428.76	5276.4
428.91	5366.3
429.06	5314.7
429.21	5257.7
429.37	5338.0
429.52	5420.0
429.67	5411.4
429.82	5489.3
429.97	5354.2
430.13	5349.0
430.28	5448.4
430.43	5555.3
430.59	5457.2
430.74	5179.9
430.89	4884.4
431.04	4471.2
431.19	4016.8
431.35	3552.3
431.50	3078.5
431.65	2704.6
431.80	2365.8
431.96	2166.3
432.11	2446.7
432.26	2611.7
432.41	2627.3
432.57	2513.3
432.72	2470.0
432.87	2603.4
433.02	2696.3
433.18	2717.7
433.33	2731.3
433.48	2701.1
433.63	2659.0
433.79	2197.8
433.94	2147.3
434.09	2197.0
434.24	2217.8
434.40	2397.9
434.55	2725.3
434.70	3066.7
434.85	3158.1
435.00	3402.4
435.16	3572.3
435.31	3796.0
435.46	3997.4
435.61	4199.5
435.77	4833.1
435.92	5184.3
436.07	5199.3
436.22	5125.6
436.38	5010.4
436.53	5191.0
436.68	5361.0
436.83	5328.0
436.99	5371.0
437.14	5332.0
437.29	5259.6
437.44	5082.9
437.60	4790.5
437.75	4227.9
437.90	4016.0
438.05	3499.6
438.20	3224.2
438.36	3061.4
438.51	2881.4
438.66	2638.9
438.81	2384.9
438.97	2227.1
439.12	2262.0
439.27	2221.0
439.42	2144.3
439.58	2110.4
439.73	2278.3
439.88	2384.0
440.03	2564.1
440.19	2846.8
440.34	3065.2
440.49	3410.3
440.64	3652.4
440.80	3777.1
440.95	3948.9
441.10	4222.6
441.25	4545.7
441.40	4886.4
441.56	5015.9
441.71	5137.6
441.86	5307.7
442.01	5467.7
442.17	5533.1
442.32	5280.8
442.47	5087.7
442.62	5210.4
442.78	5388.7
442.93	5460.6
443.08	5456.3
443.23	5456.7
443.39	5454.3
443.54	5435.7
443.69	5508.6
443.84	5456.3
444.00	5475.0
444.15	5511.0
444.30	5495.0
444.45	5541.3
444.61	5601.6
444.76	5541.6
444.91	5456.1
445.06	5069.8
445.21	4861.0
445.37	4744.9
445.52	4452.2
445.67	4155.1
445.83	3774.1
445.98	3624.0
446.13	3616.3
446.28	3534.7
446.43	3453.8
446.59	3316.6
446.74	3195.7
446.89	3195.7
447.04	3138.0
447.20	3107.0
447.35	3130.4
447.50	3197.9
447.65	3447.6
447.81	3717.3
447.96	3743.0
448.11	3719.5
448.26	3952.5
448.42	4281.3
448.57	4435.7
448.72	4516.7
448.87	4595.4
449.02	4663.3
449.18	4972.0
449.33	5261.2
449.48	5138.8
449.64	5198.3
449.79	5212.3
449.94	5181.3
450.09	5050.6
450.24	4906.4
450.40	4877.3
450.55	4723.9
450.70	4163.7
450.85	3574.4
451.01	3341.7
451.16	3201.6
451.31	3030.5
451.46	2643.3
451.62	1913.6
451.77	1703.7
451.92	1904.4
452.07	2065.7
452.23	2102.6
452.38	2151.7
452.53	2328.4
452.68	2856.2
452.84	3169.5
452.99	3360.6
453.14	3527.7
453.29	3555.7
453.44	3722.2
453.60	3742.0
453.75	3788.7
453.90	4172.4
454.05	4437.4
454.21	4530.0
454.36	5023.2
454.51	5330.6
454.66	5260.9
454.82	5249.3
454.97	5015.7
455.12	4647.3
455.27	4684.3
455.43	4498.6
455.58	4432.0
455.73	4442.3
455.88	4480.7
456.04	4524.2
456.19	4293.1
456.34	3720.8
456.49	3334.0
456.65	2805.3
456.80	2201.1
456.95	1782.1
457.10	1400.7
457.25	1183.3
457.41	1028.5
457.56	1129.9
457.71	1414.3
457.86	1647.7
458.02	1748.1
458.17	1819.6
458.32	2118.3
458.47	2829.1
458.63	3089.7
458.78	3094.0
458.93	3069.7
459.08	3051.3
459.24	2941.1
459.39	2418.9
459.54	1798.3
459.69	1472.7
459.85	1404.3
460.00	1385.7
460.15	1357.7
460.30	1437.0
460.45	1857.7
460.61	1992.6
460.76	2411.0
460.91	2740.2
461.07	3056.6
461.22	3554.8
461.37	3791.7
461.52	3844.6
461.67	4064.1
461.83	4056.9
461.98	3735.1
462.13	3348.9
462.28	3007.4
462.44	2773.0
462.59	2559.4
462.74	2057.0
462.89	1490.2
463.05	1325.7
463.20	1423.0
463.35	1503.1
463.50	1568.6
463.66	1650.7
463.81	1654.0
463.96	1663.3
464.11	1893.5
464.26	2061.0
464.42	2038.3
464.57	2057.0
464.72	2106.0
464.88	2198.1
465.03	2276.7
465.18	2198.4
465.33	2280.8
465.48	2417.9
465.64	2726.0
465.79	3058.7
465.94	3380.1
466.09	3601.0
466.25	3671.0
466.40	3756.0
466.55	3908.8
466.70	4240.1
466.86	4222.0
467.01	4043.8
467.16	3923.3
467.31	3818.9
467.47	3676.7
467.62	3439.7
467.77	3246.5
467.92	3115.6
468.08	2948.8
468.23	2822.1
468.38	2740.0
468.53	2562.3
468.68	2468.1
468.84	2321.4
468.99	2157.8
469.14	2078.3
469.29	2093.3
469.45	2101.0
469.60	2349.6
469.75	2767.6
469.90	3019.5
470.06	3276.8
470.21	3464.9
470.36	3541.0
470.51	3793.0
470.67	4078.8
470.82	4025.7
470.97	4275.7
471.12	4467.0
471.27	4540.0
471.43	4651.9
471.58	4849.6
471.73	4823.7
471.89	4620.5
472.04	4417.1
472.19	4506.0
472.34	4527.3
472.49	4355.1
472.65	4489.8
472.80	4824.2
472.95	4971.7
473.10	5019.6
473.26	4936.9
473.41	4349.3
473.56	3562.1
473.71	3040.9
473.87	2540.3
474.02	1887.4
474.17	1285.8
474.32	1474.2
474.48	1982.8
474.63	2274.8
474.78	2445.6
474.93	2637.7
475.09	3002.8
475.24	2752.9
475.39	2588.9
475.54	2430.7
475.69	2594.9
475.85	1913.3
476.00	889.99
476.15	1455.2
476.31	1685.1
476.46	2421.4
476.61	2355.1
476.76	2700.9
476.91	2769.8
477.07	2841.1
477.22	3043.4
477.37	3180.3
477.52	3537.7
477.68	3712.2
477.83	3307.5
477.98	2955.9
478.13	2564.5
478.29	2195.0
478.44	1916.8
478.59	1507.7
478.74	878.26
478.90	617.51
479.05	747.68
479.20	800.00
479.35	804.00
479.50	788.00
479.66	864.41
479.81	977.40
479.96	1086.3
480.12	1138.8
480.27	1141.0
480.42	1137.7
480.57	1135.7
480.72	1252.3
480.88	1322.7
481.03	1325.4
481.18	1532.5
481.33	1818.8
481.49	2246.8
481.64	2606.7
481.79	2771.4
481.94	2875.6
482.10	3142.7
482.25	3528.7
482.40	3925.0
482.55	3873.7
482.71	3692.1
482.86	3630.1
483.01	3503.9
483.16	3260.7
483.32	2846.2
483.47	2039.4
483.62	1456.6
483.77	1326.6
483.92	1386.3
484.08	1404.8
484.23	1431.3
484.38	1479.4
484.54	1582.1
484.69	1620.0
484.84	1662.2
484.99	1749.0
485.14	1777.3
485.30	1708.3
485.45	1814.7
485.60	1760.8
485.75	1642.3
485.91	1623.7
486.06	1677.3
486.21	1824.3
486.36	2051.5
486.51	2473.4
486.67	3097.4
486.82	3240.6
486.97	3307.4
487.13	3526.4
487.28	4127.2
487.43	4695.7
487.58	4774.0
487.73	4670.3
487.89	4489.3
488.04	4177.7
488.19	3764.5
488.34	3456.6
488.50	3075.8
488.65	2252.7
488.80	1628.0
488.95	1481.3
489.11	1387.9
489.26	1190.3
489.41	1208.1
489.56	1354.3
489.72	1413.6
489.87	1543.6
490.02	1821.9
490.17	2244.0
490.33	2827.8
490.48	3172.7
490.63	3235.1
490.78	3257.3
490.93	3344.0
491.09	3387.6
491.24	3309.1
491.39	3124.3
491.55	3139.7
491.70	3099.3
491.85	2998.5
492.00	2863.1
492.15	2593.0
492.31	2440.2
492.46	2191.5
492.61	1946.4
492.76	1910.3
492.92	2223.1
493.07	2776.0
493.22	3472.3
493.37	4028.9
493.53	4679.4
493.68	5222.0
493.83	5532.8
493.98	5900.9
494.14	6048.0
494.29	6108.9
494.44	6214.4
494.59	6244.0
494.74	6248.0
494.90	6280.0
495.05	6481.4
495.20	7120.6
495.36	7171.7
495.51	7180.0
495.66	7317.4
495.81	7472.9
495.96	7571.9
496.12	7526.7
496.27	7368.6
496.42	7312.9
496.57	7172.2
496.73	7031.2
496.88	7114.4
497.03	7203.5
497.18	7145.7
497.34	6962.4
497.49	6810.2
497.64	6727.3
497.79	6605.4
497.95	6370.3
498.10	6254.7
498.25	6358.3
498.40	6390.2
498.56	6266.1
498.71	6015.7
498.86	5789.9
499.01	5409.0
499.16	4848.4
499.32	4156.8
499.47	3920.7
499.62	3875.7
499.77	3873.2
499.93	3875.8
500.08	3880.0
500.23	3880.0
500.38	3880.0
500.54	3880.0
500.69	3880.0
500.84	3880.0
500.99	3880.0
501.15	3880.0
501.30	3880.0
501.45	3880.0
501.60	3880.0
501.76	3880.0
501.91	3880.0
502.06	3880.0
502.21	3880.0
502.37	3880.0
502.52	3880.0
502.67	3880.0
502.82	3880.0
502.97	3880.0
503.13	3880.0
503.28	3880.0
503.43	-999.25
