HOLE:	984b
LEG:	162
TOP:	119.786003
BOTTOM:	488.441589

DEPTH	CALI

119.7860	6.2656
119.9384	8.4805
120.0908	10.7305
120.2432	12.2197
120.3956	12.5346
120.5480	12.5220
120.7004	12.5026
120.8528	12.5433
121.0052	12.6449
121.1576	12.6657
121.3100	13.0322
121.4624	13.7930
121.6148	13.8077
121.7672	13.3770
121.9196	12.8984
122.0720	12.7783
122.2244	12.7039
122.3768	12.4143
122.5292	12.4086
122.6816	12.4111
122.8340	12.6353
122.9864	12.8833
123.1388	12.8811
123.2912	12.9049
123.4436	12.9246
123.5960	12.9176
123.7484	12.9217
123.9008	12.9230
124.0532	12.9242
124.2056	12.9238
124.3580	12.9214
124.5104	12.9267
124.6628	12.9329
124.8152	13.0245
124.9676	13.0821
125.1200	13.0814
125.2724	13.0824
125.4248	13.0821
125.5772	13.0827
125.7296	13.0861
125.8820	13.0861
126.0344	13.1013
126.1868	13.1174
126.3392	13.1315
126.4916	13.1689
126.6440	13.2510
126.7964	13.2740
126.9488	13.3046
127.1012	13.4182
127.2536	13.4696
127.4060	13.5021
127.5584	13.5729
127.7108	13.6383
127.8632	13.6818
128.0156	13.7331
128.1680	13.7974
128.3204	13.8698
128.4728	13.9253
128.6252	14.4443
128.7776	15.2751
128.9300	15.2397
129.0824	14.7065
129.2348	14.2649
129.3872	14.0664
129.5396	14.0511
129.6920	14.0645
129.8444	14.1411
129.9968	14.1935
130.1492	13.9990
130.3016	13.5210
130.4540	13.2187
130.6064	13.1388
130.7588	12.8643
130.9112	12.7023
131.0636	12.7258
131.2160	12.6877
131.3684	12.6619
131.5208	12.6637
131.6732	12.7722
131.8256	12.9329
131.9780	13.0743
132.1304	13.4077
132.2828	13.6275
132.4352	13.8892
132.5876	14.2043
132.7400	14.3147
132.8924	14.4954
133.0448	14.6937
133.1972	14.7506
133.3496	14.9873
133.5020	15.1813
133.6544	15.2302
133.8068	15.2442
133.9592	15.2498
134.1116	15.2449
134.2640	15.2512
134.4164	15.2504
134.5688	15.2473
134.7212	15.2448
134.8736	15.2504
135.0260	15.2515
135.1784	15.2452
135.3308	15.2496
135.4832	15.2449
135.6356	15.2482
135.7880	15.2514
135.9404	15.2489
136.0928	15.2481
136.2452	15.2436
136.3976	15.2544
136.5500	15.2476
136.7024	15.2508
136.8548	15.2471
137.0072	15.2525
137.1596	15.2385
137.3120	15.2501
137.4644	15.2473
137.6168	15.2528
137.7692	15.2473
137.9216	15.2172
138.0740	15.2035
138.2264	15.1063
138.3788	15.0553
138.5312	15.0497
138.6836	15.0572
138.8360	15.0493
138.9884	15.0501
139.1408	15.0501
139.2932	15.0575
139.4456	15.0528
139.5980	15.0526
139.7504	15.0487
139.9028	15.0543
140.0552	15.0496
140.2076	15.0524
140.3600	15.0555
140.5124	15.0593
140.6648	15.0525
140.8172	15.0513
140.9696	15.1079
141.1220	15.2697
141.2744	15.3553
141.4268	15.3556
141.5792	15.3645
141.7316	15.3882
141.8840	15.4050
142.0364	15.5229
142.1888	15.7798
142.3412	15.9731
142.4936	15.9710
142.6460	15.9805
142.7984	15.9938
142.9508	15.9998
143.1032	16.0035
143.2556	16.0095
143.4080	16.0074
143.5604	16.0076
143.7128	15.9996
143.8652	15.9822
144.0176	15.9209
144.1700	15.6636
144.3224	15.4225
144.4748	15.3875
144.6272	15.3843
144.7796	15.3922
144.9320	15.3941
145.0844	15.3889
145.2368	15.3860
145.3892	15.3903
145.5416	15.3928
145.6940	15.3888
145.8464	15.3910
145.9988	15.3890
146.1512	15.3897
146.3036	15.3908
146.4560	15.3902
146.6084	15.3884
146.7608	15.3899
146.9132	15.3875
147.0656	15.3952
147.2180	15.3934
147.3704	15.3858
147.5228	15.3903
147.6752	15.3922
147.8276	15.3846
147.9800	15.3663
148.1324	15.2950
148.2848	15.1643
148.4372	15.1455
148.5896	15.1444
148.7420	14.9915
148.8944	14.8962
149.0468	14.8801
149.1992	14.8871
149.3516	14.8803
149.5040	14.8849
149.6564	14.8824
149.8088	14.8858
149.9612	14.8885
150.1136	14.8806
150.2660	14.9647
150.4184	15.1777
150.5708	15.2837
150.7232	15.3541
150.8756	15.5640
151.0280	15.7683
151.1804	15.7728
151.3328	15.8268
151.4852	15.8416
151.6376	15.8206
151.7900	15.8528
151.9424	15.9893
152.0948	16.0102
152.2472	16.0104
152.3996	15.9846
152.5520	16.0065
152.7044	16.0031
152.8568	16.0125
153.0092	16.0017
153.1616	16.0112
153.3140	16.0110
153.4664	16.0090
153.6188	15.9985
153.7712	15.7126
153.9236	15.7024
154.0760	15.6970
154.2284	15.6912
154.3808	15.7028
154.5332	15.6992
154.6856	15.7006
154.8380	15.6915
154.9904	15.6959
155.1428	15.6999
155.2952	15.6961
155.4476	15.7264
155.6000	15.7056
155.7524	15.6232
155.9048	15.3191
156.0572	15.2629
156.2096	15.2523
156.3620	15.2539
156.5144	15.2664
156.6668	15.2868
156.8192	15.2888
156.9716	15.3926
157.1240	15.4788
157.2764	15.4881
157.4288	15.4809
157.5812	15.4845
157.7336	15.4828
157.8860	15.4696
158.0384	15.4629
158.1908	15.3741
158.3432	15.2675
158.4956	15.2131
158.6480	15.2196
158.8004	15.1939
158.9528	15.1865
159.1052	15.1528
159.2576	15.1182
159.4100	14.9529
159.5624	14.8840
159.7148	14.8908
159.8672	14.9460
160.0196	15.2642
160.1720	15.3510
160.3244	15.3537
160.4768	15.3590
160.6292	15.3537
160.7816	15.3568
160.9340	15.3610
161.0864	15.3818
161.2388	15.3930
161.3912	15.3867
161.5436	15.3884
161.6960	15.3902
161.8484	15.3899
162.0008	15.3893
162.1532	15.3857
162.3056	15.3860
162.4580	15.3871
162.6104	15.2936
162.7628	14.8926
162.9152	14.8997
163.0676	14.8791
163.2200	14.7217
163.3724	14.6340
163.5248	14.5964
163.6772	14.5114
163.8296	14.4572
163.9820	14.4245
164.1344	14.3213
164.2868	14.2821
164.4392	14.2496
164.5916	14.2279
164.7440	14.1565
164.8964	14.1191
165.0488	13.9951
165.2012	13.8986
165.3536	13.8814
165.5060	13.8792
165.6584	13.8771
165.8108	13.8774
165.9632	13.8798
166.1156	13.9029
166.2680	13.9154
166.4204	13.9383
166.5728	13.9486
166.7252	13.9550
166.8776	13.9539
167.0300	13.9548
167.1824	13.9540
167.3348	13.9572
167.4872	13.9532
167.6396	13.9509
167.7920	13.9587
167.9444	13.9543
168.0968	13.9538
168.2492	13.9572
168.4016	13.9591
168.5540	13.9621
168.7064	13.9914
168.8588	14.0139
169.0112	14.0566
169.1636	14.1366
169.3160	14.2268
169.4684	14.2698
169.6208	14.2992
169.7732	14.3738
169.9256	14.5276
170.0780	14.7783
170.2304	14.9007
170.3828	14.9912
170.5352	15.0642
170.6876	15.0773
170.8400	15.0784
170.9924	15.0814
171.1448	15.0820
171.2972	15.0776
171.4496	15.0832
171.6020	15.0857
171.7544	15.0792
171.9068	15.0798
172.0592	15.0803
172.2116	15.0785
172.3640	15.0791
172.5164	15.0799
172.6688	15.0814
172.8212	15.0709
172.9736	15.0700
173.1260	15.0623
173.2784	15.0442
173.4308	15.0481
173.5832	15.0522
173.7356	15.0456
173.8880	15.0447
174.0404	15.0485
174.1928	15.0480
174.3452	15.0483
174.4976	15.0476
174.6500	15.0474
174.8024	15.0384
174.9548	15.0219
175.1072	15.0158
175.2596	15.0142
175.4120	15.0191
175.5644	15.0203
175.7168	15.0176
175.8692	15.0206
176.0216	15.0172
176.1740	15.0155
176.3264	15.0147
176.4788	15.0205
176.6312	15.0220
176.7836	15.0146
176.9360	15.0156
177.0884	15.0145
177.2408	15.0176
177.3932	15.0224
177.5456	15.0158
177.6980	15.0358
177.8504	15.1031
178.0028	15.1879
178.1552	15.2599
178.3076	15.2830
178.4600	15.2834
178.6124	15.2882
178.7648	15.2882
178.9172	15.2928
179.0696	15.3365
179.2220	15.3840
179.3744	15.3886
179.5268	15.4038
179.6792	15.4664
179.8316	15.5250
179.9840	15.5239
180.1364	15.5480
180.2888	15.5911
180.4412	15.5962
180.5936	15.6203
180.7460	15.7190
180.8984	15.7961
181.0508	15.7986
181.2032	15.7997
181.3556	15.7932
181.5080	15.7773
181.6604	15.7754
181.8128	15.7941
181.9652	15.7991
182.1176	15.7954
182.2700	15.7988
182.4224	15.7748
182.5748	15.7334
182.7272	15.7334
182.8796	15.7296
183.0320	15.7334
183.1844	15.7097
183.3368	15.6699
183.4892	15.6638
183.6416	15.6568
183.7940	15.6597
183.9464	15.6436
184.0988	15.5681
184.2512	15.4836
184.4036	15.4836
184.5560	15.4441
184.7084	15.3567
184.8608	15.3465
185.0132	15.3397
185.1656	15.3216
185.3180	15.3223
185.4704	15.3229
185.6228	15.3201
185.7752	15.3182
185.9276	15.2949
186.0800	15.1782
186.2324	15.0471
186.3848	15.0111
186.5372	14.9266
186.6896	14.9126
186.8420	14.9078
186.9944	14.9153
187.1468	14.9119
187.2992	14.9154
187.4516	14.9149
187.6040	14.9111
187.7564	14.9135
187.9088	14.9076
188.0612	14.9180
188.2136	14.9124
188.3660	14.9112
188.5184	14.9095
188.6708	14.9125
188.8232	14.9117
188.9756	14.8564
189.1280	14.7432
189.2804	14.9749
189.4328	14.9889
189.5852	15.0745
189.7376	15.2896
189.8900	15.3770
190.0424	15.4315
190.1948	15.5227
190.3472	15.6558
190.4996	15.6726
190.6520	15.7035
190.8044	15.8213
190.9568	15.8312
191.1092	15.8329
191.2616	15.8147
191.4140	15.7147
191.5664	15.6873
191.7188	15.6088
191.8712	15.5108
192.0236	15.4402
192.1760	15.4214
192.3284	15.4251
192.4808	15.4198
192.6332	15.4164
192.7856	15.4198
192.9380	15.4225
193.0904	15.4269
193.2428	15.4141
193.3952	15.4205
193.5476	15.4191
193.7000	15.3535
193.8524	14.9775
194.0048	14.9243
194.1572	14.9328
194.3096	14.9199
194.4620	14.9244
194.6144	14.9224
194.7668	14.9318
194.9192	14.9301
195.0716	14.9229
195.2240	14.9469
195.3764	14.9493
195.5288	15.0272
195.6812	15.0688
195.8336	15.0818
195.9860	15.0869
196.1384	15.1987
196.2908	15.2155
196.4432	15.2155
196.5956	15.2424
196.7480	15.3200
196.9004	15.3864
197.0528	15.3901
197.2052	15.3878
197.3576	15.3929
197.5100	15.3745
197.6624	15.0137
197.8148	14.9827
197.9672	14.9843
198.1196	14.9958
198.2720	15.0339
198.4244	15.0448
198.5768	15.1339
198.7292	15.2527
198.8816	15.3892
199.0340	15.6189
199.1864	15.6918
199.3388	15.7526
199.4912	15.8915
199.6436	15.9113
199.7960	15.9674
199.9484	16.0169
200.1008	16.0100
200.2532	16.0071
200.4056	16.0201
200.5580	16.0340
200.7104	16.0527
200.8628	16.0438
201.0152	16.0383
201.1676	16.0288
201.3200	15.8308
201.4724	15.6983
201.6248	15.5378
201.7772	15.4791
201.9296	15.4138
202.0820	15.4207
202.2344	15.4259
202.3868	15.4099
202.5392	15.4290
202.6916	15.3882
202.8440	15.3349
202.9964	15.2968
203.1488	15.1791
203.3012	15.1508
203.4536	15.1348
203.6060	14.8217
203.7584	14.7180
203.9108	14.7098
204.0632	14.6891
204.2156	14.4861
204.3680	14.4765
204.5204	14.4851
204.6728	14.4811
204.8252	14.4858
204.9776	14.4790
205.1300	14.4846
205.2824	14.4722
205.4348	14.4873
205.5872	14.4795
205.7396	14.4827
205.8920	14.4715
206.0444	14.4724
206.1968	14.4868
206.3492	14.4775
206.5016	14.4795
206.6540	14.4851
206.8064	14.4805
206.9588	14.1922
207.1112	14.1110
207.2636	14.1060
207.4160	14.1063
207.5684	14.1124
207.7208	14.1170
207.8732	14.1274
208.0256	14.1624
208.1780	14.4312
208.3304	14.4453
208.4828	14.4673
208.6352	14.6028
208.7876	14.6147
208.9400	14.6182
209.0924	14.7354
209.2448	14.9192
209.3972	14.9318
209.5496	15.1058
209.7020	15.1662
209.8544	15.1424
210.0068	15.1058
210.1592	15.0437
210.3116	15.0561
210.4640	14.8979
210.6164	14.4310
210.7688	14.3065
210.9212	13.8186
211.0736	13.6107
211.2260	13.5728
211.3784	13.5483
211.5308	13.5390
211.6832	13.5186
211.8356	13.5037
211.9880	13.4992
212.1404	13.5002
212.2928	13.5011
212.4452	13.4336
212.5976	13.3989
212.7500	13.3642
212.9024	13.2770
213.0548	13.2725
213.2072	13.2669
213.3596	13.2710
213.5120	13.2677
213.6644	13.1094
213.8168	13.1123
213.9692	13.1153
214.1216	13.1059
214.2740	13.1124
214.4264	13.1182
214.5788	13.1111
214.7312	13.1123
214.8836	13.1205
215.0360	13.1223
215.1884	13.1295
215.3408	13.1116
215.4932	13.1031
215.6456	13.1090
215.7980	13.1099
215.9504	13.0985
216.1028	13.1111
216.2552	13.1131
216.4076	13.1041
216.5600	13.1041
216.7124	13.0898
216.8648	13.0809
217.0172	13.0865
217.1696	13.2127
217.3220	13.4960
217.4744	13.4961
217.6268	13.5282
217.7792	13.6209
217.9316	13.6245
218.0840	13.6220
218.2364	13.6150
218.3888	13.6322
218.5412	13.6054
218.6936	13.6240
218.8460	13.6220
218.9984	13.5970
219.1508	13.6001
219.3032	13.6001
219.4556	13.5938
219.6080	13.6009
219.7604	13.5896
219.9128	13.6033
220.0652	13.5959
220.2176	13.5938
220.3700	13.6117
220.5224	13.5927
220.6748	13.6012
220.8272	13.6065
220.9796	13.5899
221.1320	13.6097
221.2844	13.5820
221.4368	13.5575
221.5892	13.5554
221.7416	13.5620
221.8940	13.5605
222.0464	13.5567
222.1988	13.5585
222.3512	13.5575
222.5036	13.5605
222.6560	13.5575
222.8084	13.5585
222.9608	13.5595
223.1132	13.5621
223.2656	13.5609
223.4180	13.5595
223.5704	13.5626
223.7228	13.5610
223.8752	13.5504
224.0276	13.5585
224.1800	13.5657
224.3324	13.5595
224.4848	13.5616
224.6372	13.5544
224.7896	13.5662
224.9420	13.5513
225.0944	13.5687
225.2468	13.5546
225.3992	13.5574
225.5516	13.5626
225.7040	13.5626
225.8564	13.5514
226.0088	13.5614
226.1612	13.5832
226.3136	13.6353
226.4660	13.6192
226.6184	13.7051
226.7708	14.0840
226.9232	14.1444
227.0756	14.1529
227.2280	14.1701
227.3804	14.2135
227.5328	14.2173
227.6852	14.2746
227.8376	14.2640
227.9900	14.2746
228.1424	14.2810
228.2948	14.2751
228.4472	14.2793
228.5996	14.2622
228.7520	14.2082
228.9044	14.1487
229.0568	14.1468
229.2092	14.1475
229.3616	14.1430
229.5140	14.1449
229.6664	14.1497
229.8188	14.1518
229.9712	14.1486
230.1236	14.1436
230.2760	14.1552
230.4284	14.1489
230.5808	14.1377
230.7332	14.1459
230.8856	14.1542
231.0380	14.1413
231.1904	14.1531
231.3428	14.1574
231.4952	14.1507
231.6476	14.1399
231.8000	14.1521
231.9524	14.1605
232.1048	14.1462
232.2572	14.1507
232.4096	14.1521
232.5620	14.1420
232.7144	14.1452
232.8668	14.1807
233.0192	14.1730
233.1716	14.1720
233.3240	14.1796
233.4764	14.1663
233.6288	14.1804
233.7812	14.1730
233.9336	14.1723
234.0860	14.1732
234.2384	14.1249
234.3908	14.0448
234.5432	14.0055
234.6956	14.0088
234.8480	13.8659
235.0004	13.8103
235.1528	13.8214
235.3052	13.8160
235.4576	13.8608
235.6100	14.0180
235.7624	14.0279
235.9148	14.0396
236.0672	14.1584
236.2196	14.2330
236.3720	14.2439
236.5244	14.2401
236.6768	14.3046
236.8292	14.5154
236.9816	14.5047
237.1340	14.5181
237.2864	14.5133
237.4388	14.5128
237.5912	14.5145
237.7436	14.5097
237.8960	14.5197
238.0484	14.5166
238.2008	14.5119
238.3532	14.5207
238.5056	14.5108
238.6580	14.5153
238.8104	14.5192
238.9628	14.5124
239.1152	14.5069
239.2676	14.4879
239.4200	14.4885
239.5724	14.4753
239.7248	14.4898
239.8772	14.4730
240.0296	14.4858
240.1820	14.4783
240.3344	14.4827
240.4868	14.4871
240.6392	14.4747
240.7916	14.4853
240.9440	14.4770
241.0964	14.4868
241.2488	14.4857
241.4012	14.1694
241.5536	14.0764
241.7060	14.0827
241.8584	14.0777
242.0108	14.0610
242.1632	14.0268
242.3156	14.0196
242.4680	14.0141
242.6204	13.9961
242.7728	13.9832
242.9252	13.9932
243.0776	13.9863
243.2300	13.9421
243.3824	13.8651
243.5348	13.8031
243.6872	13.7488
243.8396	13.6054
243.9920	13.5687
244.1444	13.5637
244.2968	13.5652
244.4492	13.5882
244.6016	13.6301
244.7540	13.6598
244.9064	13.7091
245.0588	13.9372
245.2112	14.0415
245.3636	14.0430
245.5160	14.0438
245.6684	14.0815
245.8208	14.1725
245.9732	14.2061
246.1256	14.2178
246.2780	14.3807
246.4304	14.4370
246.5828	14.4398
246.7352	14.4434
246.8876	14.4385
247.0400	14.4359
247.1924	14.4362
247.3448	14.4423
247.4972	14.4453
247.6496	14.4366
247.8020	14.4355
247.9544	14.4190
248.1068	14.4133
248.2592	14.4302
248.4116	14.4438
248.5640	14.4309
248.7164	14.4381
248.8688	14.3696
249.0212	14.2919
249.1736	14.1758
249.3260	13.8853
249.4784	13.8779
249.6308	13.8765
249.7832	13.8886
249.9356	13.8723
250.0880	13.8852
250.2404	13.8721
250.3928	13.8766
250.5452	13.8874
250.6976	13.8882
250.8500	13.8903
251.0024	13.8841
251.1548	13.8493
251.3072	13.8553
251.4596	13.8553
251.6120	13.8544
251.7644	13.8461
251.9168	13.8583
252.0692	13.8491
252.2216	13.8390
252.3740	13.7950
252.5264	13.7847
252.6788	13.7071
252.8312	13.4694
252.9836	13.3243
253.1360	13.3069
253.2884	13.3027
253.4408	13.3138
253.5932	13.3088
253.7456	13.3057
253.8980	13.3037
254.0504	13.3100
254.2028	13.3418
254.3552	13.3335
254.5076	13.3459
254.6600	13.3557
254.8124	13.4985
254.9648	13.6527
255.1172	13.6578
255.2696	13.6563
255.4220	13.6547
255.5744	13.6609
255.7268	13.6562
255.8792	13.6563
256.0316	13.6627
256.1840	13.6578
256.3364	13.6547
256.4888	13.6573
256.6412	13.6552
256.7936	13.6480
256.9460	13.6701
257.0984	13.6499
257.2508	13.7082
257.4032	13.9210
257.5556	13.8479
257.7080	13.8574
257.8604	13.9097
258.0128	13.9201
258.1652	13.9134
258.3176	13.9199
258.4700	13.9149
258.6224	13.9114
258.7748	13.9122
258.9272	13.9204
259.0796	13.9095
259.2320	13.9124
259.3844	13.9243
259.5368	13.9181
259.6892	13.9123
259.8416	13.9145
259.9940	13.9105
260.1464	13.9190
260.2988	13.9155
260.4512	13.9168
260.6036	13.9190
260.7560	13.9199
260.9084	13.9039
261.0608	13.9257
261.2132	13.9055
261.3656	13.9093
261.5180	13.9157
261.6704	13.9212
261.8228	13.9133
261.9752	13.9146
262.1276	13.9123
262.2800	13.8881
262.4324	13.8815
262.5848	13.8895
262.7372	13.8797
262.8896	13.8917
263.0420	13.8850
263.1944	13.8783
263.3468	13.8815
263.4992	13.8919
263.6516	13.8873
263.8040	13.8837
263.9564	13.8828
264.1088	13.8786
264.2612	13.8884
264.4136	13.8795
264.5660	13.9115
264.7184	13.8936
264.8708	13.8772
265.0232	13.8840
265.1756	13.8950
265.3280	13.8806
265.4804	13.8925
265.6328	13.8773
265.7852	13.8919
265.9376	13.8434
266.0900	13.8565
266.2424	13.8268
266.3948	13.7885
266.5472	13.7832
266.6996	13.7917
266.8520	13.7857
267.0044	13.7840
267.1568	13.7906
267.3092	13.7871
267.4616	13.7832
267.6140	13.7839
267.7664	13.7589
267.9188	13.7149
268.0712	13.7293
268.2236	13.7204
268.3760	13.7219
268.5284	13.7197
268.6808	13.7197
268.8332	13.7248
268.9856	13.7281
269.1380	13.7193
269.2904	13.7182
269.4428	13.6941
269.5952	13.6865
269.7476	13.6842
269.9000	13.6711
270.0524	13.6711
270.2048	13.6753
270.3572	13.6964
270.5096	13.6901
270.6620	13.7205
270.8144	13.7084
270.9668	13.7167
271.1192	13.5713
271.2716	13.4661
271.4240	13.4719
271.5764	13.4649
271.7288	13.4716
271.8812	13.4693
272.0336	13.4636
272.1860	13.4758
272.3384	13.4636
272.4908	13.4737
272.6432	13.4636
272.7956	13.4912
272.9480	13.5853
273.1004	13.6042
273.2528	13.7172
273.4052	13.7577
273.5576	13.7675
273.7100	13.7500
273.8624	13.7643
274.0148	13.7621
274.1672	13.7579
274.3196	13.7557
274.4720	13.7600
274.6244	13.7580
274.7768	13.5515
274.9292	13.5713
275.0816	13.5525
275.2340	13.5662
275.3864	13.5620
275.5388	13.5705
275.6912	13.5747
275.8436	13.5759
275.9960	13.5871
276.1484	13.5694
276.3008	13.5769
276.4532	13.5800
276.6056	13.5885
276.7580	13.5851
276.9104	13.5864
277.0628	13.5801
277.2152	13.5917
277.3676	13.5810
277.5200	13.5821
277.6724	13.5832
277.8248	13.5820
277.9772	13.5843
278.1296	13.5779
278.2820	13.5546
278.4344	13.5705
278.5868	13.5927
278.7392	13.5864
278.8916	13.5872
279.0440	13.5877
279.1964	13.5801
279.3488	13.5874
279.5012	13.5877
279.6536	13.5864
279.8060	13.5899
279.9584	13.5921
280.1108	13.5779
280.2632	13.5980
280.4156	13.5927
280.5680	13.5867
280.7204	13.5969
280.8728	13.4287
281.0252	13.4222
281.1776	13.4189
281.3300	13.3809
281.4824	13.3556
281.6348	13.3451
281.7872	13.3523
281.9396	13.3503
282.0920	13.3515
282.2444	13.3512
282.3968	13.3562
282.5492	13.3574
282.7016	13.2656
282.8540	13.1417
283.0064	13.1424
283.1588	13.1356
283.3112	13.1433
283.4636	13.1353
283.6160	13.1449
283.7684	13.1424
283.9208	13.1400
284.0732	13.1383
284.2256	13.1390
284.3780	13.1457
284.5304	13.1345
284.6828	13.1438
284.8352	13.1396
284.9876	13.1375
285.1400	13.1425
285.2924	13.1433
285.4448	13.1287
285.5972	13.1377
285.7496	13.1417
285.9020	13.1401
286.0544	13.1322
286.2068	13.1478
286.3592	13.1393
286.5116	13.1398
286.6640	13.1356
286.8164	13.1441
286.9688	13.1425
287.1212	13.1401
287.2736	13.1455
287.4260	13.1345
287.5784	13.1370
287.7308	13.1430
287.8832	13.1402
288.0356	13.1337
288.1880	13.1489
288.3404	13.1430
288.4928	13.1480
288.6452	13.1490
288.7976	13.1424
288.9500	13.1489
289.1024	13.1345
289.2548	13.1216
289.4072	13.0807
289.5596	13.0196
289.7120	12.9900
289.8644	12.9335
290.0168	12.9161
290.1692	12.9147
290.3216	12.8953
290.4740	12.8349
290.6264	12.8177
290.7788	12.8393
290.9312	12.8252
291.0836	12.8226
291.2360	12.8316
291.3884	12.8215
291.5408	12.8731
291.6932	12.9769
291.8456	12.9836
291.9980	12.9805
292.1504	12.9746
292.3028	12.9812
292.4552	12.9705
292.6076	12.9842
292.7600	12.9798
292.9124	12.9797
293.0648	12.9705
293.2172	12.9827
293.3696	12.9532
293.5220	12.9599
293.6744	12.9825
293.8268	12.9815
293.9792	12.9824
294.1316	12.9892
294.2840	13.0384
294.4364	13.0192
294.5888	13.0544
294.7412	13.0348
294.8936	13.0768
295.0460	13.1107
295.1984	13.1046
295.3508	13.1148
295.5032	13.1073
295.6556	13.0760
295.8080	13.0888
295.9604	13.2311
296.1128	13.2622
296.2652	13.2598
296.4176	13.2642
296.5700	13.2664
296.7224	13.2664
296.8748	13.2730
297.0272	13.2631
297.1796	13.1351
297.3320	13.1186
297.4844	13.0731
297.6368	12.7087
297.7892	12.6901
297.9416	12.6911
298.0940	12.6973
298.2464	12.6409
298.3988	12.6324
298.5512	12.6228
298.7036	12.5913
298.8560	12.4816
299.0084	12.4532
299.1608	12.4228
299.3132	12.4043
299.4656	12.4157
299.6180	12.4029
299.7704	12.4109
299.9228	12.4080
300.0752	12.4079
300.2276	12.4104
300.3800	12.4087
300.5324	12.4100
300.6848	12.4049
300.8372	12.4045
300.9896	12.4118
301.1420	12.4217
301.2944	12.4065
301.4468	12.4039
301.5992	12.4079
301.7516	12.4100
301.9040	12.4069
302.0564	12.4101
302.2088	12.4087
302.3612	12.4043
302.5136	12.4120
302.6660	12.4064
302.8184	12.4105
302.9708	12.4084
303.1232	12.4101
303.2756	12.4101
303.4280	12.4016
303.5804	12.4142
303.7328	12.4033
303.8852	12.4052
304.0376	12.4105
304.1900	12.4066
304.3424	12.4158
304.4948	12.4017
304.6472	12.4126
304.7996	12.4073
304.9520	12.4058
305.1044	12.4132
305.2568	12.4087
305.4092	12.4031
305.5616	12.4128
305.7140	12.4058
305.8664	12.4048
306.0188	12.4183
306.1712	12.4037
306.3236	12.4066
306.4760	12.4069
306.6284	12.4097
306.7808	12.4099
306.9332	12.4046
307.0856	12.4124
307.2380	12.4079
307.3904	12.4135
307.5428	12.4056
307.6952	12.4107
307.8476	12.4093
308.0000	12.4041
308.1524	12.4101
308.3048	12.4064
308.4572	12.4079
308.6096	12.4091
308.7620	12.4090
308.9144	12.4122
309.0668	12.4020
309.2192	12.4090
309.3716	12.4122
309.5240	12.4080
309.6764	12.4094
309.8288	12.4054
309.9812	12.4054
310.1336	12.4147
310.2860	12.3980
310.4384	12.4183
310.5908	12.3986
310.7432	12.4142
310.8956	12.4031
311.0480	12.4169
311.2004	12.4160
311.3528	12.4170
311.5052	12.4651
311.6576	12.4998
311.8100	12.4996
311.9624	12.5292
312.1148	12.6559
312.2672	12.6647
312.4196	12.6677
312.5720	12.6672
312.7244	12.6747
312.8768	12.6641
313.0292	12.6609
313.1816	12.6791
313.3340	12.6626
313.4864	12.6737
313.6388	12.6675
313.7912	12.6653
313.9436	12.6656
314.0960	12.6732
314.2484	12.6690
314.4008	12.6609
314.5532	12.6753
314.7056	12.6642
314.8580	12.6698
315.0104	12.6726
315.1628	12.6657
315.3152	12.4931
315.4676	12.2828
315.6200	12.2727
315.7724	12.2844
315.9248	12.2903
316.0772	12.2763
316.2296	12.2816
316.3820	12.2899
316.5344	12.2777
316.6868	12.2036
316.8392	12.1708
316.9916	12.1594
317.1440	12.0543
317.2964	11.9048
317.4488	11.9018
317.6012	11.9114
317.7536	11.9082
317.9060	11.9019
318.0584	11.9126
318.2108	11.9015
318.3632	11.9094
318.5156	11.9062
318.6680	11.9070
318.8204	11.9118
318.9728	11.8997
319.1252	11.9131
319.2776	11.8994
319.4300	11.9078
319.5824	11.9094
319.7348	11.9092
319.8872	11.9085
320.0396	11.9020
320.1920	11.9048
320.3444	11.9124
320.4968	11.9007
320.6492	11.9085
320.8016	11.9126
320.9540	11.9025
321.1064	11.9098
321.2588	11.8988
321.4112	11.9126
321.5636	11.9038
321.7160	11.9062
321.8684	11.9089
322.0208	11.9070
322.1732	11.9107
322.3256	11.9082
322.4780	11.9015
322.6304	11.9031
322.7828	11.9133
322.9352	11.9048
323.0876	11.9017
323.2400	11.9128
323.3924	11.9038
323.5448	11.9115
323.6972	11.9071
323.8496	11.9006
324.0020	11.9113
324.1544	11.9029
324.3068	11.9092
324.4592	11.9071
324.6116	11.9029
324.7640	11.9111
324.9164	11.9040
325.0688	11.9094
325.2212	11.9061
325.3736	11.9027
325.5260	11.9120
325.6784	11.9065
325.8308	11.9084
325.9832	11.9073
326.1356	11.9040
326.2880	11.9043
326.4404	11.9142
326.5928	11.9051
326.7452	11.9050
326.8976	11.9076
327.0500	11.9040
327.2024	11.9062
327.3548	11.9087
327.5072	11.9042
327.6596	11.9092
327.8120	11.9042
327.9644	11.9107
328.1168	11.9027
328.2692	11.9140
328.4216	11.8998
328.5740	11.9539
328.7264	11.9958
328.8788	12.0058
329.0312	11.9999
329.1836	11.9985
329.3360	12.0007
329.4884	12.0007
329.6408	12.0018
329.7932	11.9963
329.9456	12.0048
330.0980	11.9969
330.2504	12.0031
330.4028	11.9998
330.5552	11.9980
330.7076	12.0056
330.8600	11.9941
331.0124	12.0037
331.1648	11.9969
331.3172	12.0300
331.4696	12.0379
331.6220	12.0355
331.7744	12.0252
331.9268	12.0353
332.0792	12.1161
332.2316	12.1287
332.3840	12.1225
332.5364	12.1268
332.6888	12.1311
332.8412	12.1251
332.9936	12.1274
333.1460	12.1287
333.2984	12.1210
333.4508	12.1279
333.6032	12.1279
333.7556	12.1249
333.9080	12.1255
334.0604	12.1260
334.2128	12.1243
334.3652	12.1420
334.5176	12.1207
334.6700	12.1271
334.8224	12.1147
334.9748	11.9043
335.1272	11.8787
335.2796	11.8763
335.4320	11.8778
335.5844	11.8723
335.7368	11.8798
335.8892	11.8729
336.0416	11.8700
336.1940	11.8848
336.3464	11.8735
336.4988	11.8796
336.6512	11.8678
336.8036	11.8831
336.9560	11.8775
337.1084	11.8710
337.2608	11.8734
337.4132	11.8753
337.5656	11.8785
337.7180	11.8819
337.8704	11.8711
338.0228	11.8826
338.1752	11.8720
338.3276	11.8689
338.4800	11.8820
338.6324	11.8722
338.7848	11.8770
338.9372	11.8743
339.0896	11.8794
339.2420	11.8780
339.3944	11.8773
339.5468	11.8751
339.6992	11.8678
339.8516	11.8848
340.0040	11.8710
340.1564	11.8751
340.3088	11.8783
340.4612	11.8712
340.6136	11.8831
340.7660	11.8964
340.9184	11.9080
341.0708	11.9085
341.2232	11.9080
341.3756	11.9036
341.5280	11.9050
341.6804	11.9094
341.8328	11.9423
341.9852	11.9982
342.1376	12.0149
342.2900	12.0415
342.4424	12.0756
342.5948	12.1482
342.7472	12.1619
342.8996	12.1671
343.0520	12.2742
343.2044	12.2869
343.3568	12.2957
343.5092	12.3183
343.6616	12.3222
343.8140	12.3190
343.9664	12.3179
344.1188	12.3261
344.2712	12.3129
344.4236	12.3278
344.5760	12.3183
344.7284	12.3190
344.8808	12.3213
345.0332	12.3226
345.1856	12.3201
345.3380	12.3217
345.4904	12.3158
345.6428	12.3288
345.7952	12.3165
345.9476	12.3186
346.1000	12.3272
346.2524	12.3201
346.4048	12.3203
346.5572	12.3237
346.7096	12.3137
346.8620	12.3247
347.0144	12.3428
347.1668	12.3325
347.3192	12.3416
347.4716	12.3374
347.6240	12.2606
347.7764	12.2632
347.9288	12.2363
348.0812	11.9610
348.2336	11.8720
348.3860	11.8877
348.5384	11.8751
348.6908	11.8845
348.8432	11.8823
348.9956	11.8865
349.1480	11.8772
349.3004	11.8908
349.4528	11.8824
349.6052	11.8833
349.7576	11.8865
349.9100	11.8788
350.0624	11.8904
350.2148	11.8851
350.3672	11.8763
350.5196	11.8881
350.6720	11.8855
350.8244	11.8879
350.9768	11.8807
351.1292	11.8802
351.2816	11.8893
351.4340	11.8860
351.5864	11.8814
351.7388	11.8814
351.8912	11.8864
352.0436	11.8812
352.1960	11.8879
352.3484	11.8851
352.5008	11.8823
352.6532	11.8877
352.8056	11.8817
352.9580	11.8807
353.1104	11.8873
353.2628	11.8812
353.4152	11.8925
353.5676	11.8752
353.7200	11.8863
353.8724	11.8824
354.0248	11.8843
354.1772	11.8912
354.3296	11.8785
354.4820	11.8857
354.6344	11.8800
354.7868	11.8925
354.9392	11.8794
355.0916	11.8808
355.2440	11.8811
355.3964	11.8882
355.5488	11.8731
355.7012	11.8999
355.8536	11.9007
356.0060	11.9387
356.1584	11.9423
356.3108	11.9410
356.4632	11.9347
356.6156	11.9326
356.7680	11.9444
356.9204	11.9332
357.0728	11.9412
357.2252	11.9467
357.3776	11.9410
357.5300	11.9408
357.6824	11.9515
357.8348	11.9400
357.9872	11.9497
358.1396	11.9505
358.2920	11.9654
358.4444	11.9690
358.5968	11.9641
358.7492	11.9798
358.9016	11.9762
359.0540	11.9785
359.2064	11.9763
359.3588	11.9939
359.5112	12.0039
359.6636	12.0002
359.8160	12.0077
359.9684	12.0408
360.1208	12.0381
360.2732	12.0358
360.4256	12.0628
360.5780	12.0964
360.7304	12.0982
360.8828	12.0962
361.0352	12.1178
361.1876	12.1323
361.3400	12.1382
361.4924	12.1250
361.6448	12.1397
361.7972	12.1284
361.9496	12.1363
362.1020	12.1372
362.2544	12.1289
362.4068	12.1364
362.5592	12.1622
362.7116	12.1514
362.8640	12.1555
363.0164	12.1599
363.1688	12.1549
363.3212	12.1528
363.4736	12.1594
363.6260	12.1565
363.7784	12.1559
363.9308	12.1568
364.0832	12.1609
364.2356	12.1527
364.3880	12.0429
364.5404	12.0032
364.6928	12.0048
364.8452	11.9950
364.9976	11.9959
365.1500	12.0086
365.3024	11.9959
365.4548	12.0002
365.6072	11.9995
365.7596	12.0012
365.9120	11.9948
366.0644	12.0048
366.2168	12.0020
366.3692	12.0012
366.5216	11.9982
366.6740	12.0031
366.8264	11.9971
366.9788	11.9991
367.1312	12.0016
367.2836	12.0045
367.4360	11.9981
367.5884	12.0029
367.7408	11.9948
367.8932	12.0037
368.0456	11.9971
368.1980	12.0024
368.3504	12.0032
368.5028	11.9997
368.6552	12.0002
368.8076	11.9989
368.9600	12.0022
369.1124	12.0035
369.2648	11.9991
369.4172	12.0012
369.5696	11.9979
369.7220	12.0032
369.8744	11.9994
370.0268	11.9995
370.1792	12.0026
370.3316	11.9958
370.4840	12.0027
370.6364	11.9984
370.7888	12.0026
370.9412	12.0010
371.0936	12.0024
371.2460	11.9969
371.3984	12.0058
371.5508	11.9948
371.7032	12.0000
371.8556	12.0018
372.0080	12.0039
372.1604	11.9969
372.3128	12.0024
372.4652	12.0016
372.6176	12.0035
372.7700	11.9982
372.9224	12.0014
373.0748	12.0053
373.2272	11.9908
373.3796	12.0069
373.5320	12.0045
373.6844	11.9991
373.8368	12.0029
373.9892	11.9969
374.1416	12.0040
374.2940	11.9952
374.4464	12.0008
374.5988	12.0002
374.7512	12.0030
374.9036	12.0005
375.0560	12.0008
375.2084	12.0020
375.3608	11.9989
375.5132	12.0045
375.6656	11.9974
375.8180	12.0002
375.9704	11.9995
376.1228	12.0035
376.2752	11.9959
376.4276	12.0099
376.5800	11.9994
376.7324	12.0012
376.8848	11.9982
377.0372	11.9950
377.1896	12.0098
377.3420	11.9971
377.4944	12.0026
377.6468	12.0005
377.7992	12.0032
377.9516	11.9982
378.1040	11.9971
378.2564	12.0037
378.4088	12.0022
378.5612	11.9959
378.7136	12.0079
378.8660	11.9971
379.0184	12.0012
379.1708	12.0079
379.3232	11.9948
379.4756	12.0037
379.6280	11.9958
379.7804	12.0016
379.9328	11.9991
380.0852	12.0035
380.2376	11.9992
380.3900	12.0055
380.5424	11.9956
380.6948	12.0043
380.8472	11.9961
380.9996	12.0000
381.1520	12.0045
381.3044	12.0002
381.4568	12.0058
381.6092	12.0337
381.7616	12.0742
381.9140	12.1538
382.0664	12.1586
382.2188	12.1708
382.3712	12.1678
382.5236	12.1916
382.6760	12.1786
382.8284	12.1902
382.9808	12.1937
383.1332	12.1853
383.2856	12.1891
383.4380	12.1867
383.5904	12.1903
383.7428	12.1845
383.8952	12.1923
384.0476	12.1976
384.2000	12.1957
384.3524	12.1994
384.5048	12.1998
384.6572	12.2188
384.8096	12.2206
384.9620	12.2195
385.1144	12.2186
385.2668	12.2210
385.4192	12.2288
385.5716	12.2346
385.7240	12.2476
385.8764	12.2541
386.0288	12.2578
386.1812	12.2927
386.3336	12.2798
386.4860	12.3074
386.6384	12.3247
386.7908	12.3111
386.9432	12.3268
387.0956	12.3626
387.2480	12.3808
387.4004	12.3765
387.5528	12.3766
387.7052	12.3777
387.8576	12.3755
388.0100	12.3719
388.1624	12.3808
388.3148	12.3721
388.4672	12.3802
388.6196	12.3774
388.7720	12.3683
388.9244	12.3830
389.0768	12.3791
389.2292	12.3798
389.3816	12.3755
389.5340	12.3730
389.6864	12.3798
389.8388	12.3725
389.9912	12.3835
390.1436	12.3690
390.2960	12.3828
390.4484	12.3774
390.6008	12.3755
390.7532	12.3747
390.9056	12.3790
391.0580	12.3719
391.2104	12.3815
391.3628	12.3790
391.5152	12.3684
391.6676	12.3808
391.8200	12.3777
391.9724	12.3749
392.1248	12.3765
392.2772	12.3794
392.4296	12.3766
392.5820	12.3759
392.7344	12.3755
392.8868	12.3808
393.0392	12.3741
393.1916	12.3725
393.3440	12.3787
393.4964	12.3735
393.6488	12.3798
393.8012	12.3823
393.9536	12.3698
394.1060	12.3810
394.2584	12.3715
394.4108	12.3791
394.5632	12.3788
394.7156	12.3794
394.8680	12.3751
395.0204	12.3778
395.1728	12.3729
395.3252	12.3808
395.4776	12.3749
395.6300	12.3749
395.7824	12.3759
395.9348	12.3816
396.0872	12.3735
396.2396	12.3810
396.3920	12.3725
396.5444	12.3784
396.6968	12.3787
396.8492	12.3725
397.0016	12.3836
397.1540	12.3694
397.3064	12.3791
397.4588	12.3820
397.6112	12.3772
397.7636	12.3730
397.9160	12.3620
398.0684	12.3589
398.2208	12.3489
398.3732	12.3518
398.5256	12.3815
398.6780	12.3704
398.8304	12.3765
398.9828	12.3741
399.1352	12.4019
399.2876	12.4103
399.4400	12.4086
399.5924	12.4027
399.7448	12.4327
399.8972	12.4427
400.0496	12.4379
400.2020	12.4537
400.3544	12.4843
400.5068	12.4998
400.6592	12.5029
400.8116	12.5605
400.9640	12.5679
401.1164	12.5613
401.2688	12.6044
401.4212	12.6258
401.5736	12.6298
401.7260	12.6345
401.8784	12.6252
402.0308	12.6263
402.1832	12.6282
402.3356	12.6266
402.4880	12.6287
402.6404	12.6319
402.7928	12.6275
402.9452	12.6302
403.0976	12.6550
403.2500	12.6610
403.4024	12.6689
403.5548	12.6544
403.7072	12.6621
403.8596	12.6651
404.0120	12.6621
404.1644	12.6632
404.3168	12.6606
404.4692	12.6600
404.6216	12.6643
404.7740	12.6616
404.9264	12.6551
405.0788	12.6681
405.2312	12.6546
405.3836	12.6872
405.5360	12.6976
405.6884	12.6876
405.8408	12.6967
405.9932	12.6980
406.1456	12.6869
406.2980	12.6933
406.4504	12.6960
406.6028	12.6933
406.7552	12.6887
406.9076	12.6954
407.0600	12.6923
407.2124	12.6893
407.3648	12.6892
407.5172	12.6790
407.6696	12.6718
407.8220	12.6690
407.9744	12.6867
408.1268	12.6933
408.2792	12.6928
408.4316	12.7082
408.5840	12.7194
408.7364	12.7281
408.8888	12.7226
409.0412	12.7277
409.1936	12.7245
409.3460	12.7288
409.4984	12.7949
409.6508	12.7865
409.8032	12.7860
409.9556	12.7859
410.1080	12.7920
410.2604	12.7912
410.4128	12.7849
410.5652	12.7920
410.7176	12.7855
410.8700	12.7896
411.0224	12.7885
411.1748	12.7887
411.3272	12.7897
411.4796	12.7896
411.6320	12.7940
411.7844	12.7875
411.9368	12.7828
412.0892	12.7885
412.2416	12.7902
412.3940	12.7881
412.5464	12.7902
412.6988	12.7871
412.8512	12.7838
413.0036	12.7930
413.1560	12.7882
413.3084	12.7892
413.4608	12.7896
413.6132	12.7912
413.7656	12.7809
413.9180	12.7892
414.0704	12.7885
414.2228	12.7929
414.3752	12.7870
414.5276	12.7845
414.6800	12.7957
414.8324	12.7811
414.9848	12.7943
415.1372	12.7922
415.2896	12.7838
415.4420	12.7885
415.5944	12.7849
415.7468	12.7875
415.8992	12.7963
416.0516	12.7906
416.2040	12.7914
416.3564	12.7835
416.5088	12.7891
416.6612	12.7914
416.8136	12.7813
416.9660	12.7900
417.1184	12.7929
417.2708	12.7893
417.4232	12.7887
417.5756	12.7859
417.7280	12.7897
417.8804	12.7838
418.0328	12.7950
418.1852	12.7892
418.3376	12.7821
418.4900	12.7929
418.6424	12.7914
418.7948	12.7885
418.9472	12.7870
419.0996	12.7821
419.2520	12.7908
419.4044	12.7914
419.5568	12.7902
419.7092	12.7821
419.8616	12.7946
420.0140	12.7849
420.1664	12.7902
420.3188	12.7894
420.4712	12.7885
420.6236	12.7875
420.7760	12.7919
420.9284	12.7875
421.0808	12.7883
421.2332	12.7920
421.3856	12.7884
421.5380	12.7829
421.6904	12.7918
421.8428	12.7870
421.9952	12.7912
422.1476	12.7846
422.3000	12.7929
422.4524	12.7877
422.6048	12.7872
422.7572	12.7905
422.9096	12.7853
423.0620	12.7855
423.2144	12.7963
423.3668	12.7831
423.5192	12.7919
423.6716	12.7844
423.8240	12.7957
423.9764	12.7824
424.1288	12.7896
424.2812	12.7890
424.4336	12.7876
424.5860	12.7860
424.7384	12.7967
424.8908	12.7855
425.0432	12.7876
425.1956	12.7884
425.3480	12.7903
425.5004	12.7837
425.6528	12.7929
425.8052	12.7846
425.9576	12.7910
426.1100	12.7890
426.2624	12.7879
426.4148	12.7897
426.5672	12.7879
426.7196	12.7887
426.8720	12.7884
427.0244	12.7866
427.1768	12.7958
427.3292	12.7963
427.4816	12.8050
427.6340	12.8045
427.7864	12.8089
427.9388	12.8105
428.0912	12.8188
428.2436	12.8177
428.3960	12.8089
428.5484	12.8170
428.7008	12.8101
428.8532	12.8199
429.0056	12.8123
429.1580	12.8156
429.3104	12.8137
429.4628	12.8101
429.6152	12.8148
429.7676	12.8170
429.9200	12.8089
430.0724	12.8196
430.2248	12.8159
430.3772	12.7963
430.5296	12.7914
430.6820	12.7890
430.8344	12.7473
430.9868	12.7266
431.1392	12.7277
431.2916	12.7230
431.4440	12.7245
431.5964	12.7202
431.7488	12.7289
431.9012	12.7213
432.0536	12.7321
432.2060	12.7202
432.3584	12.7246
432.5108	12.7257
432.6632	12.7224
432.8156	12.7249
432.9680	12.7280
433.1204	12.7257
433.2728	12.7271
433.4252	12.7252
433.5776	12.7223
433.7300	12.7248
433.8824	12.7260
434.0348	12.7224
434.1872	12.7299
434.3396	12.7255
434.4920	12.7235
434.6444	12.7245
434.7968	12.7241
434.9492	12.7230
435.1016	12.7227
435.2540	12.7300
435.4064	12.7235
435.5588	12.7179
435.7112	12.7327
435.8636	12.7204
436.0160	12.7275
436.1684	12.7224
436.3208	12.7270
436.4732	12.7240
436.6256	12.7253
436.7780	12.7254
436.9304	12.7220
437.0828	12.7235
437.2352	12.7337
437.3876	12.7555
437.5400	12.7567
437.6924	12.7555
437.8448	12.7644
437.9972	12.7640
438.1496	12.7605
438.3020	12.7647
438.4544	12.7633
438.6068	12.7666
438.7592	12.7640
438.9116	12.7622
439.0640	12.7629
439.2164	12.7655
439.3688	12.7629
439.5212	12.7630
439.6736	12.7643
439.8260	12.7636
439.9784	12.7616
440.1308	12.7623
440.2832	12.7671
440.4356	12.7657
440.5880	12.7658
440.7404	12.7598
440.8928	12.7664
441.0452	12.7660
441.1976	12.7597
441.3500	12.7633
441.5024	12.7558
441.6548	12.7633
441.8072	12.7560
441.9596	12.7524
442.1120	12.7883
442.2644	12.7828
442.4168	12.7797
442.5692	12.7936
442.7216	12.7835
442.8740	12.7898
443.0264	12.7825
443.1788	12.7847
443.3312	12.7741
443.4836	12.7701
443.6360	12.7763
443.7884	12.7659
443.9408	12.7632
444.0932	12.7623
444.2456	12.7695
444.3980	12.7655
444.5504	12.7578
444.7028	12.7673
444.8552	12.7587
445.0076	12.7624
445.1600	12.7620
445.3124	12.7625
445.4648	12.7894
445.6172	12.7890
445.7696	12.7820
445.9220	12.7921
446.0744	12.7911
446.2268	12.7867
446.3792	12.7872
446.5316	12.7912
446.6840	12.7566
446.8364	12.7591
446.9888	12.7445
447.1412	12.7233
447.2936	12.7280
447.4460	12.7245
447.5984	12.7193
447.7508	12.7287
447.9032	12.7274
448.0556	12.7233
448.2080	12.7236
448.3604	12.7287
448.5128	12.7214
448.6652	12.7213
448.8176	12.7280
448.9700	12.7235
449.1224	12.7267
449.2748	12.7230
449.4272	12.7305
449.5796	12.7253
449.7320	12.7227
449.8844	12.7204
450.0368	12.7220
450.1892	12.7311
450.3416	12.7232
450.4940	12.7245
450.6464	12.7267
450.7988	12.7220
450.9512	12.7250
451.1036	12.7240
451.2560	12.7259
451.4084	12.7237
451.5608	12.7203
451.7132	12.7247
451.8656	12.7329
452.0180	12.7203
452.1704	12.7223
452.3228	12.7252
452.4752	12.7292
452.6276	12.7226
452.7800	12.7302
452.9324	12.7167
453.0848	12.7287
453.2372	12.7211
453.3896	12.7335
453.5420	12.7198
453.6944	12.7278
453.8468	12.7227
453.9992	12.7237
454.1516	12.7295
454.3040	12.7256
454.4564	12.7255
454.6088	12.7215
454.7612	12.7268
454.9136	12.7193
455.0660	12.7303
455.2184	12.7206
455.3708	12.7291
455.5232	12.7213
455.6756	12.7287
455.8280	12.7208
455.9804	12.7294
456.1328	12.7290
456.2852	12.7194
456.4376	12.7251
456.5900	12.7288
456.7424	12.7221
456.8948	12.7241
457.0472	12.7242
457.1996	12.7246
457.3520	12.7280
457.5044	12.7238
457.6568	12.7284
457.8092	12.7237
457.9616	12.7266
458.1140	12.7253
458.2664	12.7200
458.4188	12.7303
458.5712	12.7206
458.7236	12.7274
458.8760	12.7217
459.0284	12.7235
459.1808	12.7259
459.3332	12.7095
459.4856	12.6935
459.6380	12.6926
459.7904	12.6935
459.9428	12.6917
460.0952	12.6982
460.2476	12.6930
460.4000	12.6914
460.5524	12.6922
460.7048	12.6890
460.8572	12.6963
461.0096	12.6922
461.1620	12.6996
461.3144	12.6914
461.4668	12.6904
461.6192	12.6952
461.7716	12.6938
461.9240	12.6957
462.0764	12.6933
462.2288	12.6920
462.3812	12.6946
462.5336	12.6885
462.6860	12.6946
462.8384	12.6963
462.9908	12.6948
463.1432	12.6913
463.2956	12.7056
463.4480	12.7010
463.6004	12.7015
463.7528	12.7066
463.9052	12.7038
464.0576	12.6952
464.2100	12.6920
464.3624	12.6936
464.5148	12.6996
464.6672	12.6923
464.8196	12.6910
464.9720	12.6372
465.1244	12.6192
465.2768	12.5011
465.4292	12.4692
465.5816	12.4682
465.7340	12.4171
465.8864	12.4082
466.0388	12.4092
466.1912	12.3622
466.3436	12.3341
466.4960	12.2843
466.6484	12.2704
466.8008	12.2067
466.9532	12.1909
467.1056	12.1956
467.2580	12.1615
467.4104	12.1473
467.5628	12.1220
467.7152	12.1248
467.8676	12.1314
468.0200	12.1243
468.1724	12.1290
468.3248	12.1223
468.4772	12.1283
468.6296	12.1267
468.7820	12.1216
468.9344	12.1292
469.0868	12.1249
469.2392	12.1280
469.3916	12.1223
469.5440	12.1261
469.6964	12.1263
469.8488	12.1319
470.0012	12.1255
470.1536	12.1271
470.3060	12.1218
470.4584	12.1264
470.6108	12.1269
470.7632	12.1268
470.9156	12.1274
471.0680	12.1251
471.2204	12.1271
471.3728	12.1243
471.5252	12.1303
471.6776	12.1232
471.8300	12.1290
471.9824	12.1238
472.1348	12.1255
472.2872	12.1520
472.4396	12.2570
472.5920	12.2830
472.7444	12.3031
472.8968	12.3265
473.0492	12.3177
473.2016	12.3190
473.3540	12.3223
473.5064	12.3251
473.6588	12.3200
473.8112	12.3203
473.9636	12.3243
474.1160	12.3180
474.2684	12.3238
474.4208	12.2847
474.5732	12.2467
474.7256	12.2548
474.8780	12.2435
475.0304	12.2733
475.1828	12.3151
475.3352	12.3143
475.4876	12.3176
475.6400	12.3985
475.7924	12.4385
475.9448	12.4490
476.0972	12.4918
476.2496	12.5346
476.4020	12.5395
476.5544	12.5602
476.7068	12.6227
476.8592	12.6337
477.0116	12.6421
477.1640	12.6975
477.3164	12.7202
477.4688	12.7590
477.6212	12.7581
477.7736	12.8214
477.9260	12.8198
478.0784	12.8234
478.2308	12.8237
478.3832	12.8198
478.5356	12.8197
478.6880	12.8184
478.8404	12.8203
478.9928	12.8183
479.1452	12.8293
479.2976	12.8530
479.4500	12.8483
479.6024	12.8332
479.7548	12.8214
479.9072	12.8223
480.0596	12.8210
480.2120	12.8191
480.3644	12.8194
480.5168	12.8217
480.6692	12.8171
480.8216	12.8243
480.9740	12.8240
481.1264	12.8197
481.2788	12.8226
481.4312	12.8170
481.5836	12.8257
481.7360	12.8174
481.8884	12.8208
482.0408	12.8205
482.1932	12.8248
482.3456	12.8176
482.4980	12.8237
482.6504	12.8176
482.8028	12.8188
482.9552	12.8197
483.1076	12.8267
483.2600	12.8482
483.4124	12.8489
483.5648	12.8481
483.7172	12.8462
483.8696	12.7458
484.0220	12.0586
484.1744	11.9399
484.3268	11.9406
484.4792	11.9301
484.6316	11.9420
484.7840	11.9356
484.9364	11.9418
485.0888	11.9386
485.2412	11.9356
485.3936	11.9405
485.5460	11.9345
485.6984	11.9377
485.8508	11.9440
486.0032	11.9324
486.1556	11.9417
486.3080	11.9356
486.4604	11.9379
486.6128	11.9560
486.7652	12.0773
486.9176	12.0647
487.0700	12.1249
487.2224	12.3592
487.3748	12.3820
487.5272	12.3714
487.6796	12.3745
487.8320	12.3731
487.9844	12.3796
488.1368	12.3872
488.2892	-999.2500
488.4416	-999.2500
