HOLE:	984b
LEG:	162
TOP:	119.786003
BOTTOM:	488.441589

DEPTH	RHOB	PEF	DRHO

119.7860	1.5575	3.3150	0.0359
119.9384	1.6240	3.3815	0.0455
120.0908	1.6316	3.5422	0.0168
120.2432	1.6519	3.6829	0.0092
120.3956	1.6433	3.6809	-0.0103
120.5480	1.6290	3.6094	-0.0167
120.7004	1.6163	3.5776	-0.0166
120.8528	1.6074	3.5854	-0.0119
121.0052	1.6045	3.5638	-0.0078
121.1576	1.6031	3.5165	-0.0023
121.3100	1.6070	3.4482	0.0046
121.4624	1.6067	3.4015	0.0107
121.6148	1.6083	3.3752	0.0120
121.7672	1.6036	3.3415	0.0099
121.9196	1.6071	3.3790	0.0109
122.0720	1.6101	3.3726	0.0128
122.2244	1.6088	3.4865	0.0093
122.3768	1.6107	3.4591	0.0067
122.5292	1.6079	3.4800	0.0034
122.6816	1.6063	3.3826	0.0085
122.8340	1.5927	3.3822	0.0045
122.9864	1.5853	3.3898	0.0024
123.1388	1.5830	3.4136	-0.0022
123.2912	1.5860	3.4348	-0.0013
123.4436	1.5875	3.4784	-0.0018
123.5960	1.5919	3.5697	-0.0048
123.7484	1.5906	3.5488	-0.0048
123.9008	1.5930	3.3895	0.0007
124.0532	1.5855	3.2254	0.0083
124.2056	1.5869	3.2427	0.0120
124.3580	1.5803	3.3453	0.0041
124.5104	1.5804	3.3896	-0.0010
124.6628	1.5767	3.3877	-0.0035
124.8152	1.5747	3.4180	-0.0047
124.9676	1.5844	3.5109	-0.0055
125.1200	1.6004	3.6283	-0.0050
125.2724	1.6345	3.7350	0.0011
125.4248	1.6531	3.7637	0.0009
125.5772	1.6668	3.6524	-0.0012
125.7296	1.6633	3.6309	-0.0048
125.8820	1.6645	3.7106	-0.0103
126.0344	1.6654	3.8181	-0.0181
126.1868	1.6711	3.8284	-0.0214
126.3392	1.6803	3.7869	-0.0173
126.4916	1.6871	3.7644	-0.0140
126.6440	1.6891	3.7928	-0.0142
126.7964	1.6875	3.8460	-0.0132
126.9488	1.6861	3.8794	-0.0117
127.1012	1.6858	3.8589	-0.0124
127.2536	1.6812	3.8129	-0.0143
127.4060	1.6673	3.7467	-0.0154
127.5584	1.6461	3.6072	-0.0142
127.7108	1.6260	3.4092	-0.0096
127.8632	1.6105	3.2705	-0.0011
128.0156	1.5967	3.1842	0.0053
128.1680	1.5873	3.1108	0.0085
128.3204	1.5837	3.0550	0.0101
128.4728	1.5856	3.0416	0.0145
128.6252	1.5878	3.0391	0.0175
128.7776	1.5820	3.0146	0.0155
128.9300	1.5746	3.0266	0.0156
129.0824	1.5742	3.1213	0.0203
129.2348	1.5713	3.2538	0.0122
129.3872	1.5767	3.3237	0.0021
129.5396	1.5884	3.3004	0.0003
129.6920	1.5942	3.2335	-0.0013
129.8444	1.5933	3.1366	-0.0036
129.9968	1.5869	3.0548	-0.0035
130.1492	1.5757	3.0273	0.0010
130.3016	1.5614	3.0875	0.0041
130.4540	1.5514	3.1890	0.0011
130.6064	1.5512	3.2812	-0.0051
130.7588	1.5575	3.3469	-0.0093
130.9112	1.5638	3.4242	-0.0116
131.0636	1.5724	3.4882	-0.0127
131.2160	1.5849	3.5586	-0.0129
131.3684	1.6015	3.6219	-0.0130
131.5208	1.6147	3.6231	-0.0117
131.6732	1.6211	3.5590	-0.0101
131.8256	1.6195	3.3967	-0.0017
131.9780	1.6115	3.1858	0.0085
132.1304	1.5838	2.9988	0.0069
132.2828	1.5534	2.9183	0.0010
132.4352	1.5387	2.9550	0.0052
132.5876	1.5477	3.0344	0.0129
132.7400	1.5671	3.1180	0.0133
132.8924	1.5820	3.2207	0.0079
133.0448	1.5847	3.3069	-0.0013
133.1972	1.5880	3.3156	-0.0020
133.3496	1.5953	3.2201	0.0005
133.5020	1.6072	3.0985	0.0056
133.6544	1.6222	3.0492	0.0112
133.8068	1.6379	3.0834	0.0172
133.9592	1.6345	3.1117	0.0210
134.1116	1.6181	3.1235	0.0161
134.2640	1.5961	3.1026	0.0090
134.4164	1.5928	3.1489	0.0025
134.5688	1.6018	3.2570	0.0044
134.7212	1.6142	3.3865	0.0075
134.8736	1.6286	3.5022	0.0088
135.0260	1.6411	3.5586	0.0031
135.1784	1.6582	3.5432	-0.0008
135.3308	1.6404	3.3958	-0.0058
135.4832	1.6159	3.2557	0.0019
135.6356	1.5883	3.1699	0.0077
135.7880	1.5786	3.1052	0.0131
135.9404	1.5565	3.0120	0.0093
136.0928	1.5398	2.9602	0.0139
136.2452	1.5240	3.0786	0.0172
136.3976	1.5374	3.2123	0.0207
136.5500	1.5470	3.2664	0.0142
136.7024	1.5574	3.2165	0.0130
136.8548	1.5531	3.2253	0.0084
137.0072	1.5568	3.2644	0.0082
137.1596	1.5626	3.2928	0.0093
137.3120	1.5605	3.2587	0.0115
137.4644	1.5554	3.2686	0.0160
137.6168	1.5588	3.2668	0.0181
137.7692	1.5638	3.2717	0.0177
137.9216	1.5681	3.1953	0.0155
138.0740	1.5706	3.1905	0.0148
138.2264	1.5738	3.1939	0.0095
138.3788	1.5892	3.2183	0.0097
138.5312	1.5855	3.1312	0.0046
138.6836	1.5777	2.9937	0.0042
138.8360	1.5904	2.8589	0.0220
138.9884	1.6123	2.9355	0.0248
139.1408	1.6108	3.1931	0.0021
139.2932	1.6468	3.4182	0.0098
139.4456	1.6650	3.5781	0.0069
139.5980	1.6898	3.6025	0.0054
139.7504	1.6947	3.6421	0.0006
139.9028	1.6869	3.5469	-0.0020
140.0552	1.6799	3.4003	0.0032
140.2076	1.6784	3.3072	0.0108
140.3600	1.6762	3.3079	0.0102
140.5124	1.6811	3.4417	0.0133
140.6648	1.6785	3.5605	0.0103
140.8172	1.6665	3.6681	0.0018
140.9696	1.6569	3.6047	-0.0027
141.1220	1.6484	3.4908	-0.0042
141.2744	1.6465	3.3832	-0.0004
141.4268	1.6331	3.3477	0.0016
141.5792	1.6165	3.3428	0.0003
141.7316	1.6013	3.2619	-0.0012
141.8840	1.5832	3.1833	0.0004
142.0364	1.5545	3.1289	0.0050
142.1888	1.5291	3.1337	0.0116
142.3412	1.5233	3.1487	0.0183
142.4936	1.5436	3.1978	0.0194
142.6460	1.5614	3.2747	0.0120
142.7984	1.5695	3.3245	0.0013
142.9508	1.5659	3.3114	-0.0026
143.1032	1.5694	3.2619	0.0052
143.2556	1.5738	3.2742	0.0116
143.4080	1.5756	3.2966	0.0130
143.5604	1.5771	3.2554	0.0099
143.7128	1.5781	3.1393	0.0063
143.8652	1.5728	3.0491	0.0066
144.0176	1.5601	3.0079	0.0103
144.1700	1.5450	3.0407	0.0117
144.3224	1.5311	3.0613	0.0039
144.4748	1.5357	3.1091	0.0004
144.6272	1.5475	3.1752	0.0010
144.7796	1.5663	3.2268	0.0075
144.9320	1.5869	3.2283	0.0163
145.0844	1.6004	3.1800	0.0223
145.2368	1.5881	3.1569	0.0145
145.3892	1.5606	3.0500	0.0034
145.5416	1.5376	2.9385	-0.0017
145.6940	1.5188	2.8670	-0.0047
145.8464	1.5123	2.8943	0.0012
145.9988	1.5261	2.9009	0.0119
146.1512	1.5394	2.9844	0.0048
146.3036	1.5699	3.1365	0.0076
146.4560	1.5812	3.2961	0.0027
146.6084	1.5846	3.3423	0.0006
146.7608	1.5919	3.2490	0.0060
146.9132	1.5959	3.1000	0.0114
147.0656	1.5965	2.9752	0.0156
147.2180	1.5891	2.9029	0.0144
147.3704	1.5792	2.8489	0.0144
147.5228	1.5597	2.7285	0.0202
147.6752	1.5151	2.6045	0.0059
147.8276	1.5042	2.5878	0.0190
147.9800	1.5128	2.6573	0.0348
148.1324	1.4965	2.7241	0.0210
148.2848	1.4780	2.7776	0.0055
148.4372	1.4708	2.8694	-0.0017
148.5896	1.4878	3.0864	-0.0017
148.7420	1.5271	3.3020	0.0155
148.8944	1.5398	3.4645	0.0045
149.0468	1.5511	3.5184	0.0009
149.1992	1.5739	3.3249	0.0082
149.3516	1.5859	3.1152	0.0134
149.5040	1.5790	2.9813	0.0178
149.6564	1.5504	3.0521	0.0031
149.8088	1.5505	3.1859	0.0136
149.9612	1.5554	3.2822	0.0106
150.1136	1.5629	3.2754	0.0082
150.2660	1.5741	3.2061	0.0090
150.4184	1.5757	3.1541	0.0093
150.5708	1.5765	3.1359	0.0126
150.7232	1.5720	3.1900	0.0123
150.8756	1.5687	3.2159	0.0110
151.0280	1.5685	3.2471	0.0078
151.1804	1.5874	3.2345	0.0055
151.3328	1.6024	3.2742	0.0051
151.4852	1.6228	3.3174	0.0061
151.6376	1.6200	3.3510	0.0054
151.7900	1.6212	3.3876	0.0078
151.9424	1.6147	3.4118	0.0072
152.0948	1.6071	3.4123	0.0084
152.2472	1.5990	3.3379	0.0089
152.3996	1.5888	3.2676	0.0110
152.5520	1.5764	3.2513	0.0155
152.7044	1.5665	3.3589	0.0167
152.8568	1.5613	3.4793	0.0185
153.0092	1.5871	3.6046	0.0200
153.1616	1.6160	3.5951	0.0152
153.3140	1.6301	3.4851	0.0099
153.4664	1.6262	3.3971	0.0019
153.6188	1.6240	3.3389	0.0061
153.7712	1.6282	3.3987	0.0044
153.9236	1.6230	3.4704	0.0039
154.0760	1.6175	3.5045	0.0008
154.2284	1.6166	3.4818	0.0036
154.3808	1.6125	3.4555	0.0045
154.5332	1.6067	3.4323	0.0071
154.6856	1.6028	3.4192	0.0100
154.8380	1.6047	3.3560	0.0158
154.9904	1.6010	3.3313	0.0126
155.1428	1.6005	3.2742	0.0141
155.2952	1.6026	3.2220	0.0200
155.4476	1.6004	3.2557	0.0207
155.6000	1.5993	3.3427	0.0141
155.7524	1.6145	3.4919	0.0134
155.9048	1.6318	3.5811	0.0113
156.0572	1.6442	3.6467	0.0128
156.2096	1.6352	3.6685	0.0083
156.3620	1.6168	3.5658	0.0073
156.5144	1.6019	3.5524	0.0058
156.6668	1.6208	3.5577	0.0313
156.8192	1.6107	3.5826	0.0214
156.9716	1.6030	3.5407	0.0139
157.1240	1.5952	3.4868	0.0058
157.2764	1.5904	3.3735	0.0034
157.4288	1.5958	3.2273	0.0141
157.5812	1.5874	3.1160	0.0090
157.7336	1.6091	3.0740	0.0237
157.8860	1.6380	3.0744	0.0473
158.0384	1.6596	3.0242	0.0732
158.1908	1.6459	2.9224	0.0765
158.3432	1.6115	2.9132	0.0556
158.4956	1.5688	2.9180	0.0213
158.6480	1.5654	2.9774	0.0151
158.8004	1.5635	2.9927	0.0115
158.9528	1.5741	3.1328	0.0191
159.1052	1.5729	3.3320	0.0214
159.2576	1.5690	3.4756	0.0124
159.4100	1.5745	3.4898	0.0126
159.5624	1.5792	3.4567	0.0110
159.7148	1.5779	3.4191	0.0096
159.8672	1.5832	3.4019	0.0117
160.0196	1.5898	3.4066	0.0140
160.1720	1.5959	3.4027	0.0146
160.3244	1.6017	3.4006	0.0147
160.4768	1.6138	3.3934	0.0159
160.6292	1.6119	3.4562	0.0092
160.7816	1.6056	3.5002	0.0037
160.9340	1.6043	3.5373	0.0042
161.0864	1.6071	3.5003	0.0023
161.2388	1.6158	3.5336	0.0016
161.3912	1.6210	3.5717	-0.0006
161.5436	1.6245	3.6292	-0.0008
161.6960	1.6287	3.5457	-0.0012
161.8484	1.6245	3.4573	-0.0022
162.0008	1.6186	3.3435	0.0018
162.1532	1.6098	3.3112	0.0071
162.3056	1.6063	3.2279	0.0142
162.4580	1.6061	3.1778	0.0148
162.6104	1.6030	3.1661	0.0132
162.7628	1.6137	3.2333	0.0104
162.9152	1.6301	3.3844	0.0021
163.0676	1.6554	3.4650	-0.0032
163.2200	1.6679	3.5479	-0.0084
163.3724	1.6719	3.5120	-0.0107
163.5248	1.6832	3.4809	-0.0093
163.6772	1.6932	3.4362	-0.0090
163.8296	1.6989	3.4518	-0.0106
163.9820	1.7052	3.4879	-0.0113
164.1344	1.7075	3.5654	-0.0134
164.2868	1.7050	3.6159	-0.0173
164.4392	1.6924	3.5948	-0.0179
164.5916	1.6837	3.5586	-0.0150
164.7440	1.6749	3.5288	-0.0102
164.8964	1.6680	3.5280	-0.0078
165.0488	1.6589	3.4979	-0.0082
165.2012	1.6437	3.4525	-0.0105
165.3536	1.6292	3.4120	-0.0130
165.5060	1.6129	3.3963	-0.0135
165.6584	1.6021	3.4263	-0.0130
165.8108	1.5968	3.4686	-0.0123
165.9632	1.5971	3.4984	-0.0120
166.1156	1.5997	3.4924	-0.0125
166.2680	1.6028	3.4534	-0.0106
166.4204	1.6105	3.4852	-0.0068
166.5728	1.6244	3.5703	-0.0013
166.7252	1.6351	3.6735	-0.0001
166.8776	1.6389	3.5750	0.0013
167.0300	1.6389	3.3042	0.0027
167.1824	1.6235	3.0669	0.0039
167.3348	1.6147	3.0052	0.0072
167.4872	1.6008	3.1848	0.0048
167.6396	1.6107	3.4749	0.0032
167.7920	1.6251	3.6617	-0.0048
167.9444	1.6525	3.6320	-0.0021
168.0968	1.6699	3.5908	0.0055
168.2492	1.6697	3.6436	0.0091
168.4016	1.6602	3.7601	0.0030
168.5540	1.6548	3.7654	-0.0062
168.7064	1.6489	3.6719	-0.0101
168.8588	1.6391	3.6057	-0.0113
169.0112	1.6308	3.5676	-0.0099
169.1636	1.6327	3.5858	-0.0086
169.3160	1.6397	3.6320	-0.0085
169.4684	1.6500	3.7352	-0.0087
169.6208	1.6571	3.8123	-0.0090
169.7732	1.6601	3.8163	-0.0090
169.9256	1.6600	3.7819	-0.0068
170.0780	1.6636	3.7388	0.0012
170.2304	1.6812	3.7148	0.0117
170.3828	1.6961	3.6835	0.0116
170.5352	1.7044	3.6693	0.0031
170.6876	1.7009	3.6544	-0.0052
170.8400	1.6906	3.6911	-0.0062
170.9924	1.6770	3.6996	-0.0025
171.1448	1.6596	3.6822	0.0006
171.2972	1.6465	3.6519	0.0019
171.4496	1.6424	3.6625	0.0005
171.6020	1.6419	3.6542	-0.0038
171.7544	1.6405	3.5688	-0.0072
171.9068	1.6309	3.4903	-0.0087
172.0592	1.6213	3.4716	-0.0075
172.2116	1.6082	3.5400	-0.0079
172.3640	1.6042	3.6362	-0.0095
172.5164	1.6119	3.7507	-0.0118
172.6688	1.6300	3.8311	-0.0126
172.8212	1.6453	3.8574	-0.0130
172.9736	1.6455	3.8542	-0.0141
173.1260	1.6406	3.8302	-0.0116
173.2784	1.6360	3.7673	-0.0079
173.4308	1.6394	3.7012	-0.0049
173.5832	1.6495	3.6678	-0.0049
173.7356	1.6589	3.7001	-0.0087
173.8880	1.6690	3.7439	-0.0122
174.0404	1.6777	3.7613	-0.0146
174.1928	1.6867	3.7907	-0.0165
174.3452	1.6947	3.8201	-0.0172
174.4976	1.6960	3.8338	-0.0197
174.6500	1.6983	3.8188	-0.0185
174.8024	1.6987	3.8311	-0.0164
174.9548	1.6971	3.9033	-0.0160
175.1072	1.7026	3.9871	-0.0158
175.2596	1.7114	4.0156	-0.0178
175.4120	1.7202	3.9666	-0.0195
175.5644	1.7191	3.9176	-0.0216
175.7168	1.7045	3.8777	-0.0201
175.8692	1.6921	3.7841	-0.0087
176.0216	1.6836	3.6323	0.0056
176.1740	1.6748	3.4767	0.0133
176.3264	1.6531	3.3901	0.0076
176.4788	1.6288	3.3885	-0.0020
176.6312	1.6215	3.4487	-0.0033
176.7836	1.6259	3.5057	-0.0011
176.9360	1.6301	3.5118	0.0027
177.0884	1.6319	3.5154	0.0120
177.2408	1.6281	3.5538	0.0174
177.3932	1.6179	3.5991	0.0140
177.5456	1.6124	3.5641	0.0089
177.6980	1.6040	3.4672	0.0051
177.8504	1.5942	3.3616	0.0073
178.0028	1.5802	3.3282	0.0066
178.1552	1.5783	3.3950	0.0082
178.3076	1.5962	3.4835	0.0097
178.4600	1.6176	3.5512	0.0088
178.6124	1.6345	3.5705	0.0072
178.7648	1.6325	3.6103	-0.0055
178.9172	1.6336	3.6326	-0.0095
179.0696	1.6393	3.6156	-0.0087
179.2220	1.6327	3.5192	-0.0112
179.3744	1.6286	3.4147	-0.0069
179.5268	1.6297	3.4221	-0.0018
179.6792	1.6298	3.6038	-0.0034
179.8316	1.6363	3.8170	-0.0100
179.9840	1.6497	3.8978	-0.0172
180.1364	1.6713	3.8569	-0.0172
180.2888	1.6805	3.7867	-0.0177
180.4412	1.6714	3.7269	-0.0160
180.5936	1.6584	3.6920	-0.0145
180.7460	1.6451	3.7139	-0.0174
180.8984	1.6403	3.7567	-0.0232
181.0508	1.6499	3.7625	-0.0253
181.2032	1.6732	3.7564	-0.0179
181.3556	1.6912	3.7567	-0.0141
181.5080	1.6983	3.7939	-0.0127
181.6604	1.6956	3.8153	-0.0132
181.8128	1.6927	3.7963	-0.0116
181.9652	1.6861	3.6970	-0.0097
182.1176	1.6749	3.5787	-0.0074
182.2700	1.6593	3.4719	-0.0058
182.4224	1.6478	3.4829	-0.0047
182.5748	1.6497	3.5822	-0.0036
182.7272	1.6632	3.6907	-0.0056
182.8796	1.6804	3.7156	-0.0097
183.0320	1.6918	3.7628	-0.0148
183.1844	1.6941	3.8781	-0.0176
183.3368	1.6909	3.9330	-0.0143
183.4892	1.6913	3.7759	-0.0055
183.6416	1.6856	3.5891	0.0022
183.7940	1.6763	3.4724	0.0048
183.9464	1.6653	3.5343	-0.0002
184.0988	1.6629	3.6637	-0.0042
184.2512	1.6657	3.8125	-0.0088
184.4036	1.6668	3.8518	-0.0111
184.5560	1.6646	3.7388	-0.0126
184.7084	1.6508	3.6129	-0.0115
184.8608	1.6160	3.4702	-0.0096
185.0132	1.5856	3.3608	-0.0070
185.1656	1.5705	3.2422	-0.0044
185.3180	1.5789	3.2018	-0.0016
185.4704	1.5855	3.2689	-0.0001
185.6228	1.5874	3.3895	-0.0029
185.7752	1.5941	3.5099	-0.0062
185.9276	1.6104	3.5290	-0.0072
186.0800	1.6316	3.5403	-0.0013
186.2324	1.6482	3.5310	0.0005
186.3848	1.6600	3.6166	-0.0046
186.5372	1.6685	3.7191	-0.0121
186.6896	1.6625	3.8132	-0.0167
186.8420	1.6578	3.7880	-0.0117
186.9944	1.6572	3.7015	-0.0012
187.1468	1.6647	3.6278	0.0097
187.2992	1.6666	3.6236	0.0098
187.4516	1.6631	3.6351	-0.0011
187.6040	1.6610	3.5781	-0.0126
187.7564	1.6586	3.5181	-0.0191
187.9088	1.6559	3.5070	-0.0183
188.0612	1.6540	3.6096	-0.0157
188.2136	1.6552	3.7514	-0.0125
188.3660	1.6696	3.8204	-0.0103
188.5184	1.6865	3.8979	-0.0104
188.6708	1.6989	3.9292	-0.0128
188.8232	1.7057	4.0301	-0.0168
188.9756	1.7114	4.0456	-0.0214
189.1280	1.7231	4.0347	-0.0222
189.2804	1.7251	4.0249	-0.0242
189.4328	1.7153	4.0215	-0.0241
189.5852	1.7015	3.9744	-0.0247
189.7376	1.6904	3.9175	-0.0232
189.8900	1.6856	3.8907	-0.0211
190.0424	1.6744	3.8933	-0.0179
190.1948	1.6718	3.7881	-0.0060
190.3472	1.6696	3.6664	0.0036
190.4996	1.6703	3.5814	0.0150
190.6520	1.6588	3.4524	0.0154
190.8044	1.6412	3.2490	0.0129
190.9568	1.6235	3.0562	0.0110
191.1092	1.6163	3.0131	0.0154
191.2616	1.6097	3.1387	0.0147
191.4140	1.6229	3.3714	0.0145
191.5664	1.6417	3.5994	0.0124
191.7188	1.6681	3.7611	0.0093
191.8712	1.6743	3.8473	-0.0013
192.0236	1.6713	3.9347	-0.0096
192.1760	1.6649	3.9655	-0.0130
192.3284	1.6634	3.9098	-0.0124
192.4808	1.6615	3.8141	-0.0119
192.6332	1.6512	3.7248	-0.0097
192.7856	1.6413	3.6798	-0.0061
192.9380	1.6345	3.6886	-0.0027
193.0904	1.6267	3.6517	-0.0020
193.2428	1.6192	3.5615	-0.0023
193.3952	1.6089	3.4408	0.0001
193.5476	1.6040	3.4008	0.0009
193.7000	1.6061	3.4785	0.0026
193.8524	1.6135	3.6174	0.0031
194.0048	1.6230	3.6917	0.0053
194.1572	1.6188	3.6211	0.0019
194.3096	1.6132	3.5964	0.0002
194.4620	1.6006	3.5090	-0.0033
194.6144	1.5891	3.4170	-0.0030
194.7668	1.5678	3.2918	-0.0024
194.9192	1.5521	3.2509	0.0002
195.0716	1.5481	3.3134	0.0056
195.2240	1.5713	3.3707	0.0082
195.3764	1.6022	3.4106	0.0051
195.5288	1.6272	3.3979	-0.0016
195.6812	1.6433	3.4439	-0.0049
195.8336	1.6445	3.5867	-0.0073
195.9860	1.6514	3.7651	-0.0094
196.1384	1.6539	3.8137	-0.0135
196.2908	1.6594	3.7770	-0.0129
196.4432	1.6511	3.6956	-0.0094
196.5956	1.6459	3.6231	-0.0030
196.7480	1.6384	3.6057	-0.0041
196.9004	1.6383	3.5820	-0.0095
197.0528	1.6325	3.7058	-0.0195
197.2052	1.6404	3.6929	-0.0174
197.3576	1.6445	3.7837	-0.0156
197.5100	1.6475	3.7171	-0.0100
197.6624	1.6488	3.7440	-0.0063
197.8148	1.6500	3.6624	-0.0018
197.9672	1.6478	3.7082	-0.0028
198.1196	1.6393	3.7189	-0.0085
198.2720	1.6312	3.7817	-0.0157
198.4244	1.6282	3.7232	-0.0166
198.5768	1.6277	3.6755	-0.0113
198.7292	1.6233	3.6065	-0.0062
198.8816	1.6148	3.5791	-0.0066
199.0340	1.6083	3.5958	-0.0047
199.1864	1.6120	3.6613	-0.0040
199.3388	1.6111	3.7363	-0.0054
199.4912	1.6139	3.7578	-0.0119
199.6436	1.6205	3.7598	-0.0102
199.7960	1.6326	3.7681	-0.0058
199.9484	1.6453	3.7617	0.0047
200.1008	1.6546	3.6714	0.0107
200.2532	1.6592	3.4573	0.0136
200.4056	1.6539	3.2725	0.0162
200.5580	1.6324	3.2024	0.0102
200.7104	1.6150	3.2786	0.0060
200.8628	1.6190	3.4607	0.0086
201.0152	1.6543	3.6477	0.0095
201.1676	1.6914	3.7963	0.0068
201.3200	1.7150	3.8788	-0.0028
201.4724	1.7165	3.9519	-0.0087
201.6248	1.7198	4.0511	-0.0122
201.7772	1.7327	4.0365	-0.0092
201.9296	1.7347	3.9810	-0.0054
202.0820	1.7225	3.8637	-0.0010
202.2344	1.7026	3.8692	-0.0026
202.3868	1.6920	3.8921	-0.0045
202.5392	1.6886	3.8341	-0.0036
202.6916	1.6847	3.8004	-0.0028
202.8440	1.6758	3.7482	-0.0001
202.9964	1.6642	3.7418	-0.0013
203.1488	1.6539	3.6616	-0.0013
203.3012	1.6386	3.5845	-0.0021
203.4536	1.6321	3.5509	-0.0007
203.6060	1.6274	3.6412	-0.0011
203.7584	1.6382	3.7599	0.0005
203.9108	1.6387	3.8910	-0.0070
204.0632	1.6492	3.9308	-0.0076
204.2156	1.6512	3.9496	-0.0114
204.3680	1.6588	3.8872	-0.0087
204.5204	1.6586	3.7973	-0.0101
204.6728	1.6594	3.7463	-0.0088
204.8252	1.6582	3.7488	-0.0091
204.9776	1.6577	3.7112	-0.0087
205.1300	1.6544	3.6885	-0.0084
205.2824	1.6610	3.7654	-0.0036
205.4348	1.6681	3.9137	-0.0006
205.5872	1.6708	3.9700	-0.0030
205.7396	1.6601	3.9717	-0.0101
205.8920	1.6502	3.9191	-0.0151
206.0444	1.6520	3.9717	-0.0110
206.1968	1.6688	3.8661	0.0019
206.3492	1.6788	3.6511	0.0120
206.5016	1.6628	3.4226	0.0109
206.6540	1.6314	3.2796	0.0075
206.8064	1.6081	3.2694	0.0034
206.9588	1.5968	3.4576	0.0018
207.1112	1.6058	3.6872	-0.0008
207.2636	1.6374	4.0199	-0.0030
207.4160	1.6791	4.0390	-0.0046
207.5684	1.7023	4.0566	-0.0114
207.7208	1.6966	3.9832	-0.0134
207.8732	1.7020	3.9223	-0.0102
208.0256	1.7112	3.8247	-0.0055
208.1780	1.7230	3.7351	0.0007
208.3304	1.7200	3.6304	0.0036
208.4828	1.7122	3.7015	-0.0014
208.6352	1.7054	3.8190	-0.0074
208.7876	1.7033	3.9822	-0.0089
208.9400	1.7015	3.8827	-0.0035
209.0924	1.7047	3.8038	0.0107
209.2448	1.6943	3.7807	0.0094
209.3972	1.6891	3.8414	0.0077
209.5496	1.6925	3.8003	0.0073
209.7020	1.6871	3.6841	-0.0035
209.8544	1.6809	3.5837	-0.0099
210.0068	1.6787	3.5089	-0.0094
210.1592	1.6736	3.4523	-0.0086
210.3116	1.6697	3.3632	-0.0042
210.4640	1.6635	3.3445	0.0040
210.6164	1.6631	3.3403	0.0159
210.7688	1.6538	3.4404	0.0151
210.9212	1.6557	3.5587	0.0142
211.0736	1.6469	3.6349	0.0015
211.2260	1.6610	3.7554	-0.0038
211.3784	1.6681	3.8297	-0.0097
211.5308	1.6789	3.9091	-0.0101
211.6832	1.6743	3.8523	-0.0109
211.8356	1.6703	3.8090	-0.0140
211.9880	1.6719	3.8208	-0.0148
212.1404	1.6739	3.8423	-0.0108
212.2928	1.6708	3.8152	-0.0064
212.4452	1.6679	3.7793	-0.0034
212.5976	1.6657	3.7733	-0.0033
212.7500	1.6652	3.8503	-0.0033
212.9024	1.6647	3.9009	-0.0044
213.0548	1.6685	3.9394	-0.0034
213.2072	1.6711	3.9181	-0.0047
213.3596	1.6657	3.8806	-0.0075
213.5120	1.6498	3.8514	-0.0107
213.6644	1.6382	3.7491	-0.0101
213.8168	1.6325	3.6961	-0.0041
213.9692	1.6382	3.7253	0.0016
214.1216	1.6373	3.7849	-0.0007
214.2740	1.6428	3.8644	-0.0020
214.4264	1.6384	3.8066	-0.0079
214.5788	1.6394	3.7798	-0.0061
214.7312	1.6391	3.7532	-0.0028
214.8836	1.6468	3.7277	0.0016
215.0360	1.6454	3.6660	0.0009
215.1884	1.6317	3.6239	-0.0026
215.3408	1.6093	3.6187	-0.0068
215.4932	1.5969	3.7150	-0.0066
215.6456	1.5973	3.7319	-0.0047
215.7980	1.6014	3.8106	-0.0055
215.9504	1.6121	3.7465	-0.0019
216.1028	1.6156	3.8194	0.0011
216.2552	1.6277	3.7725	0.0057
216.4076	1.6349	3.8563	-0.0001
216.5600	1.6479	3.8129	-0.0081
216.7124	1.6546	3.8314	-0.0095
216.8648	1.6569	3.8307	-0.0082
217.0172	1.6631	3.8552	-0.0079
217.1696	1.6660	3.9189	-0.0129
217.3220	1.6715	3.9008	-0.0160
217.4744	1.6624	3.8498	-0.0172
217.6268	1.6534	3.7766	-0.0135
217.7792	1.6478	3.7258	-0.0111
217.9316	1.6438	3.7354	-0.0142
218.0840	1.6444	3.7259	-0.0174
218.2364	1.6484	3.7798	-0.0213
218.3888	1.6617	3.7622	-0.0175
218.5412	1.6790	3.7409	-0.0147
218.6936	1.6798	3.6879	-0.0135
218.8460	1.6742	3.7217	-0.0134
218.9984	1.6627	3.7677	-0.0140
219.1508	1.6538	3.8190	-0.0107
219.3032	1.6506	3.8108	-0.0077
219.4556	1.6446	3.7331	-0.0074
219.6080	1.6357	3.6283	-0.0059
219.7604	1.6257	3.5649	-0.0021
219.9128	1.6199	3.5532	0.0057
220.0652	1.6195	3.6045	0.0053
220.2176	1.6142	3.6751	-0.0027
220.3700	1.6127	3.7341	-0.0100
220.5224	1.6112	3.7299	-0.0106
220.6748	1.6122	3.6489	-0.0070
220.8272	1.6080	3.5521	-0.0061
220.9796	1.5975	3.5245	-0.0100
221.1320	1.6043	3.5421	-0.0113
221.2844	1.6136	3.5428	-0.0124
221.4368	1.6319	3.5815	-0.0107
221.5892	1.6343	3.6636	-0.0133
221.7416	1.6443	3.8330	-0.0131
221.8940	1.6575	3.9150	-0.0143
222.0464	1.6685	3.9203	-0.0157
222.1988	1.6686	3.8643	-0.0197
222.3512	1.6669	3.8512	-0.0175
222.5036	1.6636	3.8556	-0.0150
222.6560	1.6678	3.9316	-0.0111
222.8084	1.6679	3.9297	-0.0132
222.9608	1.6701	3.9001	-0.0126
223.1132	1.6651	3.9254	-0.0144
223.2656	1.6606	3.9266	-0.0168
223.4180	1.6526	3.9840	-0.0233
223.5704	1.6508	3.9261	-0.0258
223.7228	1.6471	3.9135	-0.0228
223.8752	1.6472	3.8698	-0.0174
224.0276	1.6435	3.9094	-0.0154
224.1800	1.6522	3.9225	-0.0163
224.3324	1.6611	3.9133	-0.0179
224.4848	1.6694	3.8964	-0.0204
224.6372	1.6752	3.8652	-0.0167
224.7896	1.6779	3.8685	-0.0129
224.9420	1.6751	3.8218	-0.0101
225.0944	1.6649	3.8066	-0.0120
225.2468	1.6485	3.7665	-0.0165
225.3992	1.6426	3.6743	-0.0166
225.5516	1.6285	3.6690	-0.0212
225.7040	1.6305	3.7106	-0.0152
225.8564	1.6297	3.8211	-0.0126
226.0088	1.6393	3.8089	-0.0056
226.1612	1.6426	3.7902	-0.0049
226.3136	1.6427	3.7233	-0.0046
226.4660	1.6381	3.6883	-0.0007
226.6184	1.6328	3.6822	-0.0012
226.7708	1.6341	3.7502	0.0045
226.9232	1.6387	3.7786	0.0052
227.0756	1.6363	3.6915	0.0037
227.2280	1.6256	3.5740	-0.0007
227.3804	1.6079	3.5458	-0.0053
227.5328	1.6045	3.5803	-0.0048
227.6852	1.6123	3.6819	-0.0079
227.8376	1.6244	3.6733	-0.0126
227.9900	1.6238	3.6309	-0.0187
228.1424	1.6097	3.5686	-0.0148
228.2948	1.5962	3.7014	-0.0132
228.4472	1.5938	3.8283	-0.0104
228.5996	1.6087	3.8744	-0.0158
228.7520	1.6295	3.7867	-0.0164
228.9044	1.6483	3.7277	-0.0134
229.0568	1.6399	3.6763	-0.0127
229.2092	1.6294	3.5986	-0.0110
229.3616	1.6229	3.5925	-0.0097
229.5140	1.6329	3.6607	-0.0064
229.6664	1.6695	3.8127	-0.0048
229.8188	1.6975	3.8872	-0.0074
229.9712	1.7080	3.9155	-0.0107
230.1236	1.6993	3.9195	-0.0087
230.2760	1.6934	3.9407	-0.0066
230.4284	1.7073	3.9994	-0.0076
230.5808	1.7108	3.8822	-0.0119
230.7332	1.7192	3.8412	-0.0122
230.8856	1.7165	3.8373	-0.0111
231.0380	1.7242	3.9189	-0.0126
231.1904	1.7262	3.8652	-0.0181
231.3428	1.7296	3.7130	-0.0213
231.4952	1.7196	3.6406	-0.0204
231.6476	1.7166	3.6764	-0.0111
231.8000	1.7004	3.7717	-0.0066
231.9524	1.6932	3.8896	-0.0065
232.1048	1.6816	3.8066	-0.0150
232.2572	1.6904	3.6861	-0.0173
232.4096	1.6792	3.5565	-0.0183
232.5620	1.6637	3.4633	-0.0141
232.7144	1.6412	3.5298	-0.0137
232.8668	1.6365	3.6043	-0.0098
233.0192	1.6426	3.7687	-0.0124
233.1716	1.6555	3.7835	-0.0122
233.3240	1.6651	3.7839	-0.0153
233.4764	1.6576	3.8186	-0.0119
233.6288	1.6535	3.8779	-0.0076
233.7812	1.6527	3.8659	-0.0070
233.9336	1.6578	3.7806	-0.0110
234.0860	1.6545	3.6900	-0.0146
234.2384	1.6563	3.6982	-0.0096
234.3908	1.6577	3.7266	-0.0062
234.5432	1.6634	3.7230	-0.0040
234.6956	1.6612	3.7586	-0.0051
234.8480	1.6543	3.7323	-0.0091
235.0004	1.6447	3.7854	-0.0097
235.1528	1.6401	3.7435	-0.0096
235.3052	1.6390	3.7931	-0.0056
235.4576	1.6346	3.7852	-0.0090
235.6100	1.6267	3.7472	-0.0127
235.7624	1.6262	3.7106	-0.0107
235.9148	1.6297	3.6772	-0.0071
236.0672	1.6286	3.6688	-0.0095
236.2196	1.6290	3.7035	-0.0138
236.3720	1.6337	3.7596	-0.0157
236.5244	1.6537	3.8722	-0.0122
236.6768	1.6685	3.9722	-0.0129
236.8292	1.6802	4.0011	-0.0154
236.9816	1.6777	4.0727	-0.0232
237.1340	1.6815	4.0174	-0.0227
237.2864	1.6848	3.9708	-0.0197
237.4388	1.6875	3.8615	-0.0128
237.5912	1.6911	3.8012	-0.0066
237.7436	1.6918	3.7922	-0.0024
237.8960	1.6985	3.7831	0.0021
238.0484	1.6913	3.7661	-0.0068
238.2008	1.6877	3.7969	-0.0117
238.3532	1.6747	3.8524	-0.0194
238.5056	1.6706	3.8707	-0.0167
238.6580	1.6628	3.8802	-0.0179
238.8104	1.6610	3.8984	-0.0168
238.9628	1.6602	3.8527	-0.0163
239.1152	1.6577	3.7957	-0.0166
239.2676	1.6451	3.6685	-0.0177
239.4200	1.6347	3.6003	-0.0121
239.5724	1.6270	3.6462	-0.0080
239.7248	1.6324	3.7277	-0.0040
239.8772	1.6533	4.0182	-0.0095
240.0296	1.6785	4.1389	-0.0133
240.1820	1.7021	4.1951	-0.0155
240.3344	1.7024	4.1175	-0.0152
240.4868	1.7102	4.0250	-0.0073
240.6392	1.7060	4.0359	-0.0069
240.7916	1.7060	4.0173	-0.0074
240.9440	1.6963	4.0049	-0.0128
241.0964	1.6925	3.9804	-0.0117
241.2488	1.6860	3.9432	-0.0115
241.4012	1.6790	3.9273	-0.0122
241.5536	1.6638	3.9380	-0.0140
241.7060	1.6506	3.8816	-0.0097
241.8584	1.6387	3.8050	-0.0047
242.0108	1.6426	3.7381	0.0006
242.1632	1.6454	3.7698	-0.0008
242.3156	1.6458	3.8703	-0.0063
242.4680	1.6521	3.9064	-0.0085
242.6204	1.6607	3.9168	-0.0091
242.7728	1.6754	3.9025	-0.0055
242.9252	1.6792	3.9369	-0.0069
243.0776	1.6824	3.8895	-0.0074
243.2300	1.6866	3.7618	-0.0058
243.3824	1.6974	3.7578	-0.0038
243.5348	1.7061	3.9336	-0.0061
243.6872	1.7085	4.1744	-0.0142
243.8396	1.7065	4.2324	-0.0200
243.9920	1.7148	4.1582	-0.0192
244.1444	1.7237	4.0095	-0.0189
244.2968	1.7177	3.9552	-0.0236
244.4492	1.7140	3.9440	-0.0193
244.6016	1.7074	4.0072	-0.0166
244.7540	1.7197	4.0979	-0.0120
244.9064	1.7246	4.1492	-0.0167
245.0588	1.7345	4.0464	-0.0158
245.2112	1.7329	3.9299	-0.0160
245.3636	1.7333	3.7550	-0.0148
245.5160	1.7277	3.7685	-0.0182
245.6684	1.7266	3.7220	-0.0188
245.8208	1.7154	3.7238	-0.0196
245.9732	1.6977	3.6983	-0.0159
246.1256	1.6847	3.7356	-0.0145
246.2780	1.6792	3.7804	-0.0153
246.4304	1.6807	3.7636	-0.0210
246.5828	1.6829	3.6514	-0.0200
246.7352	1.6997	3.4692	-0.0053
246.8876	1.7216	3.4324	0.0139
247.0400	1.7326	3.5209	0.0086
247.1924	1.7510	3.6946	0.0093
247.3448	1.7404	3.8084	0.0031
247.4972	1.7227	3.8362	0.0046
247.6496	1.6935	3.9400	-0.0004
247.8020	1.6881	3.9333	-0.0064
247.9544	1.6833	3.7895	-0.0133
248.1068	1.6787	3.6771	-0.0102
248.2592	1.6766	3.6138	-0.0001
248.4116	1.6665	3.7137	0.0061
248.5640	1.6566	3.7311	0.0049
248.7164	1.6450	3.6840	0.0030
248.8688	1.6395	3.5024	0.0054
249.0212	1.6371	3.3162	0.0108
249.1736	1.6439	3.2371	0.0143
249.3260	1.6385	3.4395	0.0046
249.4784	1.6346	3.6829	-0.0074
249.6308	1.6450	3.9125	-0.0162
249.7832	1.6698	3.9014	-0.0136
249.9356	1.6926	3.8742	-0.0116
250.0880	1.6971	3.8592	-0.0076
250.2404	1.6935	3.8653	-0.0096
250.3928	1.6940	3.9131	-0.0090
250.5452	1.6900	3.9577	-0.0135
250.6976	1.6899	3.9534	-0.0097
250.8500	1.6766	3.9776	-0.0098
251.0024	1.6720	3.8698	-0.0008
251.1548	1.6621	3.7964	0.0040
251.3072	1.6511	3.6695	0.0040
251.4596	1.6547	3.6901	0.0107
251.6120	1.6671	3.8517	0.0082
251.7644	1.7021	4.0967	0.0069
251.9168	1.7157	4.2932	-0.0122
252.0692	1.7235	4.1208	-0.0173
252.2216	1.7259	3.9414	-0.0097
252.3740	1.7155	3.9568	-0.0037
252.5264	1.7267	4.0936	-0.0008
252.6788	1.7262	4.2968	-0.0159
252.8312	1.7477	4.2864	-0.0242
252.9836	1.7415	4.3205	-0.0400
253.1360	1.7471	4.3165	-0.0374
253.2884	1.7425	4.2579	-0.0336
253.4408	1.7380	4.2263	-0.0276
253.5932	1.7388	4.2610	-0.0211
253.7456	1.7372	4.3951	-0.0226
253.8980	1.7466	4.4394	-0.0215
254.0504	1.7458	4.4409	-0.0263
254.2028	1.7483	4.3748	-0.0265
254.3552	1.7444	4.3202	-0.0279
254.5076	1.7447	4.1849	-0.0240
254.6600	1.7386	4.1033	-0.0216
254.8124	1.7361	4.0938	-0.0195
254.9648	1.7274	4.1400	-0.0210
255.1172	1.7202	4.1526	-0.0227
255.2696	1.7115	4.1384	-0.0192
255.4220	1.7014	4.1091	-0.0175
255.5744	1.6925	3.9812	-0.0170
255.7268	1.6812	3.8609	-0.0204
255.8792	1.6783	3.8404	-0.0199
256.0316	1.6735	3.8626	-0.0216
256.1840	1.6754	3.9195	-0.0174
256.3364	1.6827	3.8616	-0.0115
256.4888	1.6822	3.8624	-0.0054
256.6412	1.6675	3.7869	-0.0063
256.7936	1.6456	3.8416	-0.0126
256.9460	1.6429	3.8584	-0.0118
257.0984	1.6573	3.9136	-0.0132
257.2508	1.6720	3.9091	-0.0121
257.4032	1.6812	3.9266	-0.0153
257.5556	1.6879	3.9905	-0.0155
257.7080	1.6923	4.0090	-0.0193
257.8604	1.6957	4.0023	-0.0201
258.0128	1.6911	3.9881	-0.0243
258.1652	1.6875	3.9904	-0.0203
258.3176	1.6764	3.9804	-0.0211
258.4700	1.6716	3.9404	-0.0149
258.6224	1.6636	3.8330	-0.0115
258.7748	1.6481	3.7693	-0.0091
258.9272	1.6332	3.7193	-0.0098
259.0796	1.6239	3.7645	-0.0125
259.2320	1.6271	3.7820	-0.0150
259.3844	1.6300	3.7629	-0.0154
259.5368	1.6425	3.7149	-0.0147
259.6892	1.6540	3.7007	-0.0136
259.8416	1.6718	3.7840	-0.0112
259.9940	1.6844	3.8924	-0.0127
260.1464	1.7002	3.9798	-0.0170
260.2988	1.7053	3.9426	-0.0191
260.4512	1.7086	3.8501	-0.0159
260.6036	1.7299	3.7579	-0.0091
260.7560	1.7678	3.8974	-0.0137
260.9084	1.8056	4.1176	-0.0202
261.0608	1.8068	4.3479	-0.0320
261.2132	1.7859	4.3504	-0.0397
261.3656	1.7743	4.2887	-0.0349
261.5180	1.7737	4.2421	-0.0299
261.6704	1.7756	4.2297	-0.0240
261.8228	1.7776	4.1754	-0.0246
261.9752	1.7790	4.1731	-0.0271
262.1276	1.7911	4.1382	-0.0189
262.2800	1.7960	4.2226	-0.0156
262.4324	1.7979	4.2572	-0.0144
262.5848	1.7932	4.2499	-0.0158
262.7372	1.7897	4.1856	-0.0157
262.8896	1.7835	4.2077	-0.0135
263.0420	1.7797	4.2994	-0.0116
263.1944	1.7740	4.3697	-0.0097
263.3468	1.7685	4.1760	-0.0087
263.4992	1.7587	4.0594	-0.0087
263.6516	1.7467	3.9119	-0.0100
263.8040	1.7306	4.0024	-0.0123
263.9564	1.7253	4.0824	-0.0142
264.1088	1.7218	4.1288	-0.0143
264.2612	1.7203	4.1151	-0.0128
264.4136	1.7159	4.0344	-0.0111
264.5660	1.7109	4.0252	-0.0116
264.7184	1.7084	3.9891	-0.0124
264.8708	1.7024	3.9368	-0.0118
265.0232	1.6936	3.9576	-0.0147
265.1756	1.6898	3.9905	-0.0157
265.3280	1.6829	4.0380	-0.0193
265.4804	1.6761	4.0508	-0.0234
265.6328	1.6707	4.0227	-0.0214
265.7852	1.6677	4.0838	-0.0191
265.9376	1.6678	4.0476	-0.0176
266.0900	1.6619	4.1098	-0.0210
266.2424	1.6708	4.0931	-0.0161
266.3948	1.6698	4.0696	-0.0095
266.5472	1.6695	3.9657	-0.0062
266.6996	1.6566	3.9455	-0.0112
266.8520	1.6569	3.9606	-0.0097
267.0044	1.6561	4.0368	-0.0086
267.1568	1.6648	4.0032	-0.0051
267.3092	1.6619	4.0479	-0.0116
267.4616	1.6654	4.0545	-0.0133
267.6140	1.6725	4.1604	-0.0162
267.7664	1.6885	4.2014	-0.0145
267.9188	1.7014	4.2218	-0.0162
268.0712	1.7038	4.2044	-0.0198
268.2236	1.7058	4.2252	-0.0186
268.3760	1.7092	4.2786	-0.0210
268.5284	1.7139	4.3054	-0.0190
268.6808	1.7174	4.3029	-0.0240
268.8332	1.7161	4.2375	-0.0239
268.9856	1.7126	4.2196	-0.0223
269.1380	1.7065	4.2267	-0.0199
269.2904	1.7092	4.2587	-0.0151
269.4428	1.7186	4.3026	-0.0141
269.5952	1.7316	4.3132	-0.0143
269.7476	1.7385	4.2118	-0.0177
269.9000	1.7322	4.0491	-0.0200
270.0524	1.7149	3.9821	-0.0210
270.2048	1.6953	4.0553	-0.0244
270.3572	1.6865	4.1504	-0.0234
270.5096	1.6820	4.1011	-0.0201
270.6620	1.6801	4.1262	-0.0177
270.8144	1.6818	4.1760	-0.0178
270.9668	1.6994	4.2660	-0.0204
271.1192	1.7189	4.2573	-0.0193
271.2716	1.7283	4.1597	-0.0211
271.4240	1.7254	4.0970	-0.0223
271.5764	1.7150	4.0461	-0.0214
271.7288	1.7130	4.0475	-0.0172
271.8812	1.7073	3.9986	-0.0167
272.0336	1.7066	3.9364	-0.0165
272.1860	1.7082	3.9365	-0.0147
272.3384	1.7193	4.0009	-0.0113
272.4908	1.7289	4.0832	-0.0103
272.6432	1.7368	4.1852	-0.0138
272.7956	1.7360	4.2848	-0.0174
272.9480	1.7357	4.3563	-0.0234
273.1004	1.7377	4.3548	-0.0213
273.2528	1.7420	4.3377	-0.0255
273.4052	1.7523	4.3312	-0.0234
273.5576	1.7501	4.3486	-0.0312
273.7100	1.7484	4.3486	-0.0305
273.8624	1.7408	4.4112	-0.0310
274.0148	1.7356	4.3971	-0.0288
274.1672	1.7327	4.3223	-0.0236
274.3196	1.7292	4.1850	-0.0232
274.4720	1.7168	4.0901	-0.0252
274.6244	1.7043	4.0694	-0.0289
274.7768	1.6936	4.0296	-0.0291
274.9292	1.6906	4.0523	-0.0255
275.0816	1.6867	4.0082	-0.0247
275.2340	1.6791	3.9059	-0.0243
275.3864	1.6565	3.7926	-0.0199
275.5388	1.6398	3.7200	-0.0123
275.6912	1.6247	3.7313	-0.0076
275.8436	1.6293	3.7477	-0.0074
275.9960	1.6376	3.8672	-0.0089
276.1484	1.6496	3.9517	-0.0105
276.3008	1.6556	4.0276	-0.0155
276.4532	1.6579	4.0181	-0.0178
276.6056	1.6573	4.0395	-0.0181
276.7580	1.6666	4.0018	-0.0154
276.9104	1.6716	4.0174	-0.0172
277.0628	1.6809	4.0190	-0.0209
277.2152	1.6863	4.0955	-0.0210
277.3676	1.6932	4.0684	-0.0222
277.5200	1.7107	4.1223	-0.0151
277.6724	1.7226	4.1527	-0.0134
277.8248	1.7300	4.1723	-0.0098
277.9772	1.7281	4.2033	-0.0104
278.1296	1.7294	4.2284	-0.0121
278.2820	1.7325	4.3061	-0.0116
278.4344	1.7361	4.3328	-0.0117
278.5868	1.7399	4.3151	-0.0119
278.7392	1.7426	4.3472	-0.0141
278.8916	1.7543	4.3301	-0.0147
279.0440	1.7569	4.4362	-0.0157
279.1964	1.7594	4.4590	-0.0179
279.3488	1.7438	4.4637	-0.0302
279.5012	1.7440	4.3816	-0.0316
279.6536	1.7423	4.4123	-0.0331
279.8060	1.7510	4.4622	-0.0222
279.9584	1.7542	4.5039	-0.0197
280.1108	1.7623	4.4831	-0.0163
280.2632	1.7704	4.4227	-0.0154
280.4156	1.7739	4.3924	-0.0148
280.5680	1.7733	4.3887	-0.0162
280.7204	1.7678	4.4129	-0.0196
280.8728	1.7599	4.4979	-0.0213
281.0252	1.7572	4.4369	-0.0197
281.1776	1.7505	4.3965	-0.0230
281.3300	1.7513	4.2790	-0.0256
281.4824	1.7548	4.2631	-0.0252
281.6348	1.7544	4.1883	-0.0200
281.7872	1.7474	4.1495	-0.0140
281.9396	1.7315	4.1820	-0.0115
282.0920	1.7260	4.2114	-0.0079
282.2444	1.7153	4.2424	-0.0142
282.3968	1.7209	4.2196	-0.0172
282.5492	1.7297	4.2644	-0.0200
282.7016	1.7409	4.1426	-0.0176
282.8540	1.7361	4.0439	-0.0190
283.0064	1.7156	3.9837	-0.0204
283.1588	1.7187	4.0500	-0.0189
283.3112	1.7099	4.0939	-0.0281
283.4636	1.7136	4.1321	-0.0358
283.6160	1.7102	4.2154	-0.0444
283.7684	1.7211	4.2583	-0.0394
283.9208	1.7352	4.2634	-0.0372
284.0732	1.7339	4.2739	-0.0376
284.2256	1.7375	4.2860	-0.0401
284.3780	1.7374	4.3225	-0.0407
284.5304	1.7283	4.2774	-0.0408
284.6828	1.7194	4.2347	-0.0376
284.8352	1.7110	4.1190	-0.0343
284.9876	1.7077	4.1005	-0.0295
285.1400	1.6938	4.0466	-0.0283
285.2924	1.6727	3.9923	-0.0193
285.4448	1.6522	3.8961	-0.0146
285.5972	1.6409	3.8750	-0.0117
285.7496	1.6456	3.9007	-0.0095
285.9020	1.6538	3.8817	-0.0065
286.0544	1.6579	3.8679	-0.0039
286.2068	1.6605	3.8472	-0.0093
286.3592	1.6612	3.9469	-0.0137
286.5116	1.6636	4.0191	-0.0186
286.6640	1.6712	4.1637	-0.0184
286.8164	1.6867	4.1848	-0.0177
286.9688	1.6985	4.1612	-0.0163
287.1212	1.6985	3.9629	-0.0185
287.2736	1.6935	3.8890	-0.0231
287.4260	1.7043	3.8675	-0.0208
287.5784	1.7018	4.0556	-0.0246
287.7308	1.7030	4.2628	-0.0245
287.8832	1.7200	4.4994	-0.0276
288.0356	1.7496	4.5666	-0.0274
288.1880	1.7768	4.5432	-0.0306
288.3404	1.7782	4.5353	-0.0335
288.4928	1.7805	4.4255	-0.0342
288.6452	1.7828	4.3955	-0.0305
288.7976	1.7815	4.4192	-0.0317
288.9500	1.7738	4.5262	-0.0368
289.1024	1.7575	4.4251	-0.0485
289.2548	1.7582	4.3433	-0.0411
289.4072	1.7623	4.2002	-0.0291
289.5596	1.7685	4.2248	-0.0130
289.7120	1.7547	4.1495	-0.0157
289.8644	1.7422	4.2059	-0.0197
290.0168	1.7385	4.2653	-0.0244
290.1692	1.7331	4.3017	-0.0253
290.3216	1.7305	4.3411	-0.0184
290.4740	1.7235	4.3013	-0.0183
290.6264	1.7270	4.3615	-0.0164
290.7788	1.7386	4.3996	-0.0188
290.9312	1.7441	4.3654	-0.0218
291.0836	1.7509	4.3359	-0.0210
291.2360	1.7464	4.2128	-0.0230
291.3884	1.7382	4.2109	-0.0203
291.5408	1.7337	4.1079	-0.0191
291.6932	1.7306	4.1557	-0.0151
291.8456	1.7335	4.1367	-0.0119
291.9980	1.7268	4.1403	-0.0150
292.1504	1.7208	4.0923	-0.0210
292.3028	1.7122	4.0449	-0.0328
292.4552	1.7099	4.0541	-0.0361
292.6076	1.7182	4.0360	-0.0269
292.7600	1.7223	3.8730	-0.0192
292.9124	1.7171	3.8842	-0.0172
293.0648	1.7115	3.8997	-0.0156
293.2172	1.7085	3.9919	-0.0158
293.3696	1.7123	4.0050	-0.0155
293.5220	1.7213	4.0131	-0.0189
293.6744	1.7257	4.1756	-0.0217
293.8268	1.7390	4.2854	-0.0215
293.9792	1.7439	4.3051	-0.0235
294.1316	1.7551	4.2527	-0.0188
294.2840	1.7501	4.2184	-0.0176
294.4364	1.7395	4.2933	-0.0183
294.5888	1.7311	4.3235	-0.0214
294.7412	1.7238	4.2583	-0.0227
294.8936	1.7232	4.1566	-0.0218
295.0460	1.7223	4.1963	-0.0194
295.1984	1.7229	4.2466	-0.0178
295.3508	1.7150	4.1819	-0.0165
295.5032	1.7103	4.0088	-0.0125
295.6556	1.6913	3.8565	-0.0089
295.8080	1.6812	3.8534	-0.0022
295.9604	1.6672	3.8964	0.0014
296.1128	1.6763	4.0035	0.0070
296.2652	1.6996	4.0847	0.0115
296.4176	1.7096	4.1526	0.0037
296.5700	1.7126	3.9908	-0.0048
296.7224	1.7032	3.8603	-0.0133
296.8748	1.6953	3.7729	-0.0099
297.0272	1.6949	3.8636	0.0003
297.1796	1.6929	3.9967	0.0084
297.3320	1.7126	4.1301	0.0129
297.4844	1.7188	4.2411	-0.0004
297.6368	1.7215	4.2656	-0.0140
297.7892	1.7182	4.3171	-0.0268
297.9416	1.7233	4.2413	-0.0311
298.0940	1.7317	4.2623	-0.0316
298.2464	1.7332	4.1874	-0.0336
298.3988	1.7270	4.1895	-0.0329
298.5512	1.7142	4.0851	-0.0325
298.7036	1.7066	4.1169	-0.0252
298.8560	1.7040	4.1501	-0.0217
299.0084	1.7075	4.2628	-0.0170
299.1608	1.7052	4.2098	-0.0219
299.3132	1.7068	4.2392	-0.0197
299.4656	1.7099	4.2164	-0.0214
299.6180	1.7107	4.2443	-0.0220
299.7704	1.7122	4.1699	-0.0210
299.9228	1.7199	4.1775	-0.0153
300.0752	1.7294	4.2222	-0.0137
300.2276	1.7327	4.3412	-0.0204
300.3800	1.7335	4.3523	-0.0311
300.5324	1.7367	4.4256	-0.0331
300.6848	1.7460	4.3234	-0.0296
300.8372	1.7407	4.2232	-0.0314
300.9896	1.7216	4.1053	-0.0290
301.1420	1.7091	4.1280	-0.0249
301.2944	1.6994	4.2056	-0.0215
301.4468	1.7008	4.2906	-0.0236
301.5992	1.7124	4.3473	-0.0188
301.7516	1.7247	4.3463	-0.0171
301.9040	1.7355	4.3458	-0.0172
302.0564	1.7386	4.3386	-0.0232
302.2088	1.7448	4.3707	-0.0217
302.3612	1.7510	4.3030	-0.0174
302.5136	1.7426	4.1048	-0.0146
302.6660	1.7216	3.9492	-0.0147
302.8184	1.7035	3.9115	-0.0148
302.9708	1.6890	4.0877	-0.0191
303.1232	1.6901	4.2854	-0.0246
303.2756	1.7078	4.3745	-0.0244
303.4280	1.7285	4.3007	-0.0195
303.5804	1.7419	4.2146	-0.0169
303.7328	1.7497	4.2054	-0.0162
303.8852	1.7561	4.1659	-0.0176
304.0376	1.7659	4.1089	-0.0163
304.1900	1.7654	4.0996	-0.0180
304.3424	1.7691	4.2244	-0.0180
304.4948	1.7674	4.3675	-0.0194
304.6472	1.7573	4.4141	-0.0254
304.7996	1.7533	4.3882	-0.0261
304.9520	1.7450	4.3848	-0.0293
305.1044	1.7494	4.4162	-0.0266
305.2568	1.7452	4.3898	-0.0277
305.4092	1.7489	4.3545	-0.0246
305.5616	1.7569	4.2224	-0.0252
305.7140	1.7694	4.1925	-0.0255
305.8664	1.7809	4.1210	-0.0274
306.0188	1.7742	4.0845	-0.0277
306.1712	1.7647	4.1733	-0.0259
306.3236	1.7619	4.2621	-0.0207
306.4760	1.7570	4.3285	-0.0203
306.6284	1.7566	4.2915	-0.0230
306.7808	1.7478	4.3354	-0.0318
306.9332	1.7508	4.4227	-0.0323
307.0856	1.7507	4.4001	-0.0340
307.2380	1.7551	4.3253	-0.0306
307.3904	1.7683	4.1498	-0.0203
307.5428	1.7676	4.1539	-0.0156
307.6952	1.7685	4.1981	-0.0102
307.8476	1.7593	4.3736	-0.0197
308.0000	1.7623	4.4543	-0.0238
308.1524	1.7609	4.4409	-0.0295
308.3048	1.7660	4.4489	-0.0231
308.4572	1.7691	4.4583	-0.0229
308.6096	1.7684	4.5710	-0.0308
308.7620	1.7713	4.5744	-0.0352
308.9144	1.7731	4.5778	-0.0353
309.0668	1.7814	4.3876	-0.0276
309.2192	1.7846	4.3632	-0.0226
309.3716	1.7785	4.3482	-0.0213
309.5240	1.7652	4.3626	-0.0239
309.6764	1.7515	4.3552	-0.0300
309.8288	1.7447	4.2465	-0.0365
309.9812	1.7444	4.2621	-0.0389
310.1336	1.7494	4.2465	-0.0340
310.2860	1.7549	4.2036	-0.0253
310.4384	1.7516	4.2012	-0.0214
310.5908	1.7451	4.2072	-0.0216
310.7432	1.7401	4.2680	-0.0295
310.8956	1.7470	4.3006	-0.0299
311.0480	1.7573	4.3135	-0.0297
311.2004	1.7717	4.3823	-0.0230
311.3528	1.7756	4.3975	-0.0243
311.5052	1.7773	4.4170	-0.0252
311.6576	1.7743	4.3695	-0.0271
311.8100	1.7716	4.3079	-0.0285
311.9624	1.7743	4.2782	-0.0275
312.1148	1.7683	4.2533	-0.0286
312.2672	1.7599	4.2151	-0.0287
312.4196	1.7503	4.2160	-0.0298
312.5720	1.7382	4.2425	-0.0310
312.7244	1.7293	4.2427	-0.0297
312.8768	1.7263	4.2282	-0.0241
313.0292	1.7244	4.2091	-0.0188
313.1816	1.7211	4.1710	-0.0156
313.3340	1.7074	4.1334	-0.0182
313.4864	1.7066	4.1358	-0.0167
313.6388	1.7054	4.1883	-0.0172
313.7912	1.7107	4.1443	-0.0144
313.9436	1.7087	4.0621	-0.0148
314.0960	1.7050	4.0688	-0.0132
314.2484	1.6954	4.0510	-0.0160
314.4008	1.6839	4.0933	-0.0189
314.5532	1.6755	4.0851	-0.0262
314.7056	1.6878	4.1561	-0.0218
314.8580	1.6915	4.1929	-0.0248
315.0104	1.7136	4.2229	-0.0202
315.1628	1.7226	4.2603	-0.0278
315.3152	1.7413	4.2817	-0.0289
315.4676	1.7463	4.2100	-0.0328
315.6200	1.7508	4.1050	-0.0256
315.7724	1.7686	4.0367	-0.0082
315.9248	1.7824	4.0863	0.0014
316.0772	1.7892	4.0371	-0.0007
316.2296	1.7885	3.9789	-0.0104
316.3820	1.7864	3.8945	-0.0166
316.5344	1.7851	3.9031	-0.0210
316.6868	1.7787	3.9732	-0.0264
316.8392	1.7809	4.0713	-0.0256
316.9916	1.7764	4.1002	-0.0211
317.1440	1.7730	4.1374	-0.0181
317.2964	1.7717	4.0963	-0.0164
317.4488	1.7764	4.2089	-0.0168
317.6012	1.7799	4.2668	-0.0180
317.7536	1.7681	4.4576	-0.0304
317.9060	1.7711	4.5568	-0.0346
318.0584	1.7812	4.6138	-0.0373
318.2108	1.7948	4.5315	-0.0340
318.3632	1.7973	4.4430	-0.0342
318.5156	1.7840	4.2971	-0.0366
318.6680	1.7725	4.2365	-0.0366
318.8204	1.7624	4.2717	-0.0361
318.9728	1.7659	4.3066	-0.0280
319.1252	1.7645	4.3015	-0.0207
319.2776	1.7693	4.2387	-0.0164
319.4300	1.7680	4.2598	-0.0200
319.5824	1.7679	4.3013	-0.0269
319.7348	1.7614	4.3852	-0.0359
319.8872	1.7604	4.4025	-0.0351
320.0396	1.7553	4.3259	-0.0357
320.1920	1.7541	4.2502	-0.0323
320.3444	1.7527	4.2392	-0.0295
320.4968	1.7511	4.2642	-0.0259
320.6492	1.7428	4.2738	-0.0250
320.8016	1.7344	4.2836	-0.0282
320.9540	1.7261	4.3023	-0.0285
321.1064	1.7190	4.2883	-0.0261
321.2588	1.7083	4.2709	-0.0240
321.4112	1.7005	4.2443	-0.0209
321.5636	1.6945	4.2225	-0.0186
321.7160	1.6980	4.2729	-0.0161
321.8684	1.7091	4.2542	-0.0183
322.0208	1.7214	4.3027	-0.0193
322.1732	1.7213	4.1945	-0.0276
322.3256	1.7176	4.1173	-0.0268
322.4780	1.7159	4.0035	-0.0282
322.6304	1.7198	3.9887	-0.0303
322.7828	1.7335	4.0888	-0.0325
322.9352	1.7593	4.1547	-0.0367
323.0876	1.7797	4.0665	-0.0443
323.2400	1.7810	3.9642	-0.0574
323.3924	1.7533	3.9459	-0.0546
323.5448	1.7276	4.0968	-0.0422
323.6972	1.7301	4.2368	-0.0256
323.8496	1.7346	4.3122	-0.0289
324.0020	1.7527	4.2637	-0.0241
324.1544	1.7481	4.2095	-0.0291
324.3068	1.7691	4.0932	-0.0274
324.4592	1.7823	4.1708	-0.0345
324.6116	1.8036	4.2450	-0.0340
324.7640	1.7974	4.3639	-0.0336
324.9164	1.7784	4.3219	-0.0304
325.0688	1.7709	4.2112	-0.0134
325.2212	1.7676	4.1702	-0.0018
325.3736	1.7732	4.1299	0.0089
325.5260	1.7784	4.2308	0.0004
325.6784	1.7800	4.1766	-0.0128
325.8308	1.7864	4.2796	-0.0247
325.9832	1.7790	4.2909	-0.0265
326.1356	1.7745	4.3630	-0.0257
326.2880	1.7707	4.2675	-0.0256
326.4404	1.7701	4.1960	-0.0295
326.5928	1.7726	4.1409	-0.0293
326.7452	1.7742	4.1085	-0.0301
326.8976	1.7736	4.1560	-0.0297
327.0500	1.7699	4.2437	-0.0288
327.2024	1.7628	4.2935	-0.0250
327.3548	1.7633	4.1963	-0.0222
327.5072	1.7646	4.1368	-0.0199
327.6596	1.7685	4.1014	-0.0215
327.8120	1.7682	4.1644	-0.0254
327.9644	1.7691	4.1824	-0.0305
328.1168	1.7830	4.2967	-0.0295
328.2692	1.7769	4.3789	-0.0344
328.4216	1.7767	4.4339	-0.0309
328.5740	1.7603	4.3521	-0.0369
328.7264	1.7656	4.2935	-0.0317
328.8788	1.7763	4.1881	-0.0289
329.0312	1.7926	4.2152	-0.0242
329.1836	1.8059	4.3419	-0.0245
329.3360	1.8053	4.5581	-0.0316
329.4884	1.8081	4.7188	-0.0328
329.6408	1.8047	4.6863	-0.0355
329.7932	1.8060	4.6752	-0.0321
329.9456	1.8013	4.5906	-0.0337
330.0980	1.7915	4.5454	-0.0341
330.2504	1.7856	4.3715	-0.0386
330.4028	1.7774	4.1820	-0.0423
330.5552	1.7747	4.0847	-0.0414
330.7076	1.7711	4.0621	-0.0363
330.8600	1.7718	4.1222	-0.0302
331.0124	1.7724	4.2731	-0.0280
331.1648	1.7747	4.4213	-0.0234
331.3172	1.7630	4.4573	-0.0301
331.4696	1.7584	4.3857	-0.0293
331.6220	1.7520	4.2827	-0.0348
331.7744	1.7628	4.3229	-0.0261
331.9268	1.7700	4.2808	-0.0257
332.0792	1.7659	4.2693	-0.0309
332.2316	1.7622	4.2482	-0.0346
332.3840	1.7529	4.1874	-0.0339
332.5364	1.7511	4.1805	-0.0257
332.6888	1.7441	4.1010	-0.0256
332.8412	1.7385	4.0763	-0.0263
332.9936	1.7331	4.0966	-0.0266
333.1460	1.7242	4.1761	-0.0288
333.2984	1.7212	4.2030	-0.0284
333.4508	1.7117	4.1227	-0.0313
333.6032	1.7068	4.0041	-0.0201
333.7556	1.7115	3.9632	-0.0006
333.9080	1.7116	3.6822	0.0075
334.0604	1.7050	3.4569	0.0217
334.2128	1.7118	3.2462	0.0415
334.3652	1.6644	3.3473	0.0098
334.5176	1.6691	3.5593	0.0102
334.6700	1.6549	3.7402	-0.0144
334.8224	1.6849	3.8790	-0.0133
334.9748	1.7164	3.9282	-0.0161
335.1272	1.7316	4.1380	-0.0211
335.2796	1.7402	4.3311	-0.0245
335.4320	1.7611	4.5183	-0.0248
335.5844	1.7846	4.5959	-0.0225
335.7368	1.7902	4.5944	-0.0247
335.8892	1.7819	4.5933	-0.0295
336.0416	1.7839	4.5923	-0.0256
336.1940	1.7914	4.5889	-0.0201
336.3464	1.7866	4.4339	-0.0172
336.4988	1.7723	4.3521	-0.0244
336.6512	1.7626	4.3567	-0.0305
336.8036	1.7647	4.4250	-0.0275
336.9560	1.7589	4.4363	-0.0274
337.1084	1.7540	4.3629	-0.0247
337.2608	1.7483	4.2936	-0.0257
337.4132	1.7494	4.2771	-0.0258
337.5656	1.7568	4.2986	-0.0235
337.7180	1.7612	4.3138	-0.0255
337.8704	1.7632	4.2445	-0.0271
338.0228	1.7589	4.2343	-0.0243
338.1752	1.7541	4.2519	-0.0213
338.3276	1.7544	4.3450	-0.0157
338.4800	1.7532	4.4026	-0.0212
338.6324	1.7584	4.4650	-0.0196
338.7848	1.7602	4.4568	-0.0220
338.9372	1.7613	4.3399	-0.0182
339.0896	1.7466	4.3047	-0.0251
339.2420	1.7364	4.2748	-0.0277
339.3944	1.7292	4.2810	-0.0330
339.5468	1.7424	4.2870	-0.0273
339.6992	1.7556	4.2314	-0.0208
339.8516	1.7544	4.2463	-0.0182
340.0040	1.7548	4.2002	-0.0147
340.1564	1.7515	4.2062	-0.0137
340.3088	1.7574	4.2202	-0.0120
340.4612	1.7523	4.1495	-0.0160
340.6136	1.7447	4.1472	-0.0238
340.7660	1.7409	4.0377	-0.0273
340.9184	1.7272	3.9877	-0.0320
341.0708	1.7182	3.9780	-0.0300
341.2232	1.7056	4.0718	-0.0317
341.3756	1.7010	4.1723	-0.0327
341.5280	1.7057	4.1632	-0.0296
341.6804	1.7106	4.1306	-0.0276
341.8328	1.7186	4.0861	-0.0181
341.9852	1.7102	4.0319	-0.0188
342.1376	1.6930	3.9836	-0.0206
342.2900	1.6782	3.9217	-0.0243
342.4424	1.6703	3.9456	-0.0265
342.5948	1.6739	3.9695	-0.0238
342.7472	1.6806	4.0422	-0.0241
342.8996	1.6902	4.0833	-0.0216
343.0520	1.6949	4.1215	-0.0224
343.2044	1.6902	4.1775	-0.0246
343.3568	1.6812	4.1954	-0.0122
343.5092	1.6872	3.9201	0.0102
343.6616	1.7381	3.6739	0.0703
343.8140	1.7834	3.4772	0.1096
343.9664	1.7489	3.4974	0.0701
344.1188	1.7029	3.6649	0.0253
344.2712	1.6910	3.8596	0.0058
344.4236	1.7238	4.1456	0.0098
344.5760	1.7548	4.1549	0.0031
344.7284	1.7690	4.2718	-0.0200
344.8808	1.7695	4.3412	-0.0397
345.0332	1.7874	4.3581	-0.0414
345.1856	1.8009	4.2739	-0.0387
345.3380	1.8031	4.1583	-0.0334
345.4904	1.8004	4.2048	-0.0240
345.6428	1.7950	4.2464	-0.0234
345.7952	1.7853	4.2568	-0.0311
345.9476	1.7798	4.2402	-0.0396
346.1000	1.7843	4.1857	-0.0395
346.2524	1.7876	4.2826	-0.0394
346.4048	1.7922	4.2291	-0.0382
346.5572	1.7789	4.2208	-0.0442
346.7096	1.7712	4.1401	-0.0394
346.8620	1.7614	4.1709	-0.0385
347.0144	1.7605	4.2253	-0.0343
347.1668	1.7569	4.2810	-0.0349
347.3192	1.7541	4.2330	-0.0325
347.4716	1.7522	4.1987	-0.0309
347.6240	1.7574	4.1739	-0.0273
347.7764	1.7510	4.2194	-0.0274
347.9288	1.7578	4.1092	-0.0078
348.0812	1.7556	3.9757	0.0043
348.2336	1.7535	3.8820	0.0085
348.3860	1.7572	3.8855	0.0106
348.5384	1.7434	3.9809	-0.0044
348.6908	1.7396	4.0345	-0.0149
348.8432	1.7307	4.0721	-0.0266
348.9956	1.7451	4.0588	-0.0224
349.1480	1.7498	4.0445	-0.0251
349.3004	1.7516	4.0642	-0.0270
349.4528	1.7462	4.0904	-0.0304
349.6052	1.7447	4.1640	-0.0288
349.7576	1.7469	4.1881	-0.0273
349.9100	1.7473	4.1797	-0.0265
350.0624	1.7480	4.2022	-0.0288
350.2148	1.7499	4.2753	-0.0312
350.3672	1.7498	4.2868	-0.0308
350.5196	1.7439	4.2619	-0.0317
350.6720	1.7409	4.2185	-0.0293
350.8244	1.7410	4.2438	-0.0288
350.9768	1.7432	4.2576	-0.0259
351.1292	1.7385	4.2559	-0.0271
351.2816	1.7363	4.2598	-0.0269
351.4340	1.7323	4.2634	-0.0261
351.5864	1.7314	4.2773	-0.0261
351.7388	1.7225	4.2732	-0.0305
351.8912	1.7171	4.3012	-0.0346
352.0436	1.7103	4.3091	-0.0348
352.1960	1.7071	4.2708	-0.0311
352.3484	1.7038	4.1742	-0.0278
352.5008	1.7058	4.1525	-0.0250
352.6532	1.7063	4.2018	-0.0272
352.8056	1.7159	4.2616	-0.0191
352.9580	1.7254	4.2462	-0.0134
353.1104	1.7338	4.2269	-0.0101
353.2628	1.7368	4.1967	-0.0132
353.4152	1.7301	4.1745	-0.0199
353.5676	1.7241	4.1395	-0.0217
353.7200	1.7183	4.1750	-0.0239
353.8724	1.7183	4.1830	-0.0229
354.0248	1.7121	4.1959	-0.0281
354.1772	1.7131	4.1939	-0.0277
354.3296	1.7174	4.2398	-0.0249
354.4820	1.7264	4.2055	-0.0193
354.6344	1.7324	4.1608	-0.0206
354.7868	1.7323	4.1344	-0.0263
354.9392	1.7372	4.1591	-0.0263
355.0916	1.7329	4.2137	-0.0276
355.2440	1.7356	4.2266	-0.0224
355.3964	1.7295	4.2019	-0.0250
355.5488	1.7335	4.1505	-0.0222
355.7012	1.7376	4.1526	-0.0219
355.8536	1.7469	4.1953	-0.0184
356.0060	1.7509	4.2788	-0.0175
356.1584	1.7494	4.2686	-0.0212
356.3108	1.7483	4.3473	-0.0260
356.4632	1.7520	4.2790	-0.0250
356.6156	1.7497	4.2896	-0.0265
356.7680	1.7559	4.1733	-0.0218
356.9204	1.7553	4.2340	-0.0254
357.0728	1.7626	4.1753	-0.0253
357.2252	1.7556	4.2092	-0.0304
357.3776	1.7535	4.1329	-0.0337
357.5300	1.7578	4.2365	-0.0321
357.6824	1.7680	4.2259	-0.0300
357.8348	1.7653	4.2469	-0.0330
357.9872	1.7655	4.2234	-0.0372
358.1396	1.7693	4.2366	-0.0436
358.2920	1.7782	4.2396	-0.0481
358.4444	1.7843	4.1926	-0.0488
358.5968	1.7715	4.2559	-0.0503
358.7492	1.7689	4.2655	-0.0436
358.9016	1.7612	4.2839	-0.0389
359.0540	1.7611	4.2847	-0.0364
359.2064	1.7650	4.2712	-0.0353
359.3588	1.7692	4.2703	-0.0343
359.5112	1.7786	4.2313	-0.0311
359.6636	1.7769	4.2485	-0.0299
359.8160	1.7719	4.2569	-0.0338
359.9684	1.7693	4.3440	-0.0334
360.1208	1.7678	4.3925	-0.0370
360.2732	1.7716	4.4193	-0.0360
360.4256	1.7757	4.4105	-0.0341
360.5780	1.7785	4.3564	-0.0302
360.7304	1.7758	4.3123	-0.0276
360.8828	1.7701	4.2252	-0.0270
361.0352	1.7646	4.1696	-0.0288
361.1876	1.7629	4.1407	-0.0296
361.3400	1.7565	4.1259	-0.0314
361.4924	1.7525	4.2014	-0.0301
361.6448	1.7478	4.2936	-0.0308
361.7972	1.7465	4.2516	-0.0288
361.9496	1.7520	4.1803	-0.0196
362.1020	1.7563	4.0275	-0.0077
362.2544	1.7627	4.0066	0.0021
362.4068	1.7487	4.0328	-0.0049
362.5592	1.7296	4.0202	-0.0134
362.7116	1.7123	3.9932	-0.0202
362.8640	1.7056	3.9215	-0.0178
363.0164	1.7000	3.9782	-0.0137
363.1688	1.6952	4.0428	-0.0137
363.3212	1.6916	4.1355	-0.0126
363.4736	1.6895	4.1446	-0.0190
363.6260	1.6948	4.1843	-0.0204
363.7784	1.7107	4.1372	-0.0175
363.9308	1.7207	4.1224	-0.0148
364.0832	1.7240	4.1197	-0.0116
364.2356	1.7165	4.1536	-0.0136
364.3880	1.7155	4.2175	-0.0137
364.5404	1.7107	4.2431	-0.0184
364.6928	1.7071	4.2641	-0.0215
364.8452	1.7002	4.2549	-0.0246
364.9976	1.6982	4.1683	-0.0245
365.1500	1.7012	4.1840	-0.0224
365.3024	1.7096	4.1911	-0.0212
365.4548	1.7152	4.2436	-0.0242
365.6072	1.7185	4.1644	-0.0268
365.7596	1.7200	4.1819	-0.0284
365.9120	1.7192	4.2345	-0.0291
366.0644	1.7215	4.3504	-0.0265
366.2168	1.7199	4.3175	-0.0269
366.3692	1.7177	4.2711	-0.0266
366.5216	1.7214	4.1997	-0.0244
366.6740	1.7261	4.1889	-0.0217
366.8264	1.7312	4.1364	-0.0198
366.9788	1.7283	4.0745	-0.0235
367.1312	1.7254	4.0669	-0.0245
367.2836	1.7250	4.1235	-0.0213
367.4360	1.7205	4.1812	-0.0194
367.5884	1.7185	4.1885	-0.0184
367.7408	1.7230	4.2089	-0.0226
367.8932	1.7307	4.3100	-0.0264
368.0456	1.7444	4.4240	-0.0236
368.1980	1.7528	4.4473	-0.0199
368.3504	1.7582	4.2936	-0.0171
368.5028	1.7600	4.1851	-0.0169
368.6552	1.7633	4.0592	-0.0151
368.8076	1.7665	4.1175	-0.0178
368.9600	1.7717	4.0608	-0.0193
369.1124	1.7744	4.1032	-0.0244
369.2648	1.7774	4.0897	-0.0261
369.4172	1.7803	4.1651	-0.0267
369.5696	1.7675	4.2723	-0.0338
369.7220	1.7727	4.3320	-0.0325
369.8744	1.7774	4.2759	-0.0357
370.0268	1.7878	4.2485	-0.0377
370.1792	1.7920	4.2890	-0.0384
370.3316	1.7941	4.4650	-0.0373
370.4840	1.7950	4.5229	-0.0358
370.6364	1.7947	4.5840	-0.0360
370.7888	1.7932	4.5227	-0.0358
370.9412	1.7960	4.4232	-0.0302
371.0936	1.7917	4.2359	-0.0326
371.2460	1.7987	4.1595	-0.0342
371.3984	1.8069	4.1183	-0.0361
371.5508	1.8171	4.2406	-0.0339
371.7032	1.8228	4.3077	-0.0373
371.8556	1.8288	4.4462	-0.0424
372.0080	1.8415	4.5047	-0.0415
372.1604	1.8359	4.5607	-0.0440
372.3128	1.8325	4.6375	-0.0397
372.4652	1.8243	4.5845	-0.0399
372.6176	1.8308	4.6101	-0.0283
372.7700	1.8364	4.5420	-0.0233
372.9224	1.8352	4.6073	-0.0241
373.0748	1.8235	4.6638	-0.0379
373.2272	1.8124	4.7047	-0.0455
373.3796	1.8031	4.6609	-0.0467
373.5320	1.8020	4.6255	-0.0387
373.6844	1.7958	4.5863	-0.0342
373.8368	1.7956	4.5384	-0.0297
373.9892	1.7939	4.4640	-0.0264
374.1416	1.7998	4.4660	-0.0215
374.2940	1.8044	4.5274	-0.0236
374.4464	1.8048	4.5659	-0.0280
374.5988	1.8014	4.4635	-0.0323
374.7512	1.7973	4.4137	-0.0314
374.9036	1.7858	4.3414	-0.0323
375.0560	1.7767	4.3627	-0.0321
375.2084	1.7697	4.3140	-0.0314
375.3608	1.7650	4.2919	-0.0285
375.5132	1.7615	4.3064	-0.0251
375.6656	1.7517	4.2605	-0.0246
375.8180	1.7450	4.2746	-0.0275
375.9704	1.7427	4.2506	-0.0267
376.1228	1.7377	4.2794	-0.0300
376.2752	1.7435	4.3020	-0.0290
376.4276	1.7458	4.3141	-0.0336
376.5800	1.7548	4.3705	-0.0324
376.7324	1.7592	4.4047	-0.0286
376.8848	1.7700	4.4226	-0.0242
377.0372	1.7732	4.3615	-0.0255
377.1896	1.7769	4.3530	-0.0294
377.3420	1.7756	4.3802	-0.0314
377.4944	1.7818	4.4464	-0.0266
377.6468	1.7827	4.3319	-0.0243
377.7992	1.7799	4.2331	-0.0239
377.9516	1.7774	4.1557	-0.0268
378.1040	1.7796	4.1447	-0.0273
378.2564	1.7790	4.1736	-0.0321
378.4088	1.7846	4.1565	-0.0283
378.5612	1.7933	4.2415	-0.0318
378.7136	1.8153	4.1968	-0.0248
378.8660	1.8198	4.2136	-0.0265
379.0184	1.8115	4.1791	-0.0254
379.1708	1.8027	4.2100	-0.0227
379.3232	1.8028	4.3638	-0.0185
379.4756	1.8034	4.3912	-0.0204
379.6280	1.7908	4.3157	-0.0318
379.7804	1.7886	4.1450	-0.0372
379.9328	1.7962	4.1254	-0.0300
380.0852	1.8113	4.1335	-0.0246
380.2376	1.8047	4.1544	-0.0249
380.3900	1.7915	4.1043	-0.0296
380.5424	1.7789	4.1759	-0.0264
380.6948	1.7878	4.1780	-0.0230
380.8472	1.7923	4.1819	-0.0234
380.9996	1.7954	4.1522	-0.0229
381.1520	1.7873	4.1151	-0.0210
381.3044	1.7849	4.1893	-0.0155
381.4568	1.7923	4.3275	-0.0155
381.6092	1.8177	4.6355	-0.0302
381.7616	1.8384	4.6251	-0.0558
381.9140	1.8585	4.5546	-0.0676
382.0664	1.8232	4.3796	-0.0609
382.2188	1.8012	4.3311	-0.0402
382.3712	1.7797	4.2756	-0.0265
382.5236	1.7872	4.2619	-0.0247
382.6760	1.7906	4.3026	-0.0234
382.8284	1.7860	4.2886	-0.0253
382.9808	1.7790	4.2955	-0.0244
383.1332	1.7820	4.2739	-0.0221
383.2856	1.7846	4.2542	-0.0253
383.4380	1.7875	4.1341	-0.0284
383.5904	1.7887	4.1076	-0.0321
383.7428	1.7874	4.1197	-0.0303
383.8952	1.7875	4.2172	-0.0258
384.0476	1.7796	4.2305	-0.0266
384.2000	1.7839	4.1974	-0.0207
384.3524	1.7795	4.2108	-0.0229
384.5048	1.7796	4.1825	-0.0241
384.6572	1.7712	4.2690	-0.0294
384.8096	1.7704	4.3292	-0.0306
384.9620	1.7662	4.3549	-0.0315
385.1144	1.7664	4.3529	-0.0317
385.2668	1.7646	4.3195	-0.0314
385.4192	1.7645	4.3344	-0.0291
385.5716	1.7593	4.2143	-0.0323
385.7240	1.7472	4.1211	-0.0375
385.8764	1.7477	4.1130	-0.0342
386.0288	1.7460	4.2131	-0.0287
386.1812	1.7521	4.2527	-0.0252
386.3336	1.7520	4.2159	-0.0276
386.4860	1.7552	4.2150	-0.0322
386.6384	1.7606	4.2443	-0.0315
386.7908	1.7512	4.2515	-0.0353
386.9432	1.7477	4.2734	-0.0291
387.0956	1.7401	4.2802	-0.0269
387.2480	1.7468	4.2952	-0.0198
387.4004	1.7502	4.2579	-0.0215
387.5528	1.7522	4.2049	-0.0218
387.7052	1.7444	4.2416	-0.0308
387.8576	1.7432	4.2152	-0.0316
388.0100	1.7373	4.2197	-0.0341
388.1624	1.7375	4.1122	-0.0304
388.3148	1.7375	4.0351	-0.0273
388.4672	1.7410	4.0025	-0.0239
388.6196	1.7430	4.0522	-0.0227
388.7720	1.7422	4.1614	-0.0235
388.9244	1.7455	4.1821	-0.0218
389.0768	1.7442	4.2464	-0.0216
389.2292	1.7414	4.2312	-0.0246
389.3816	1.7323	4.2524	-0.0285
389.5340	1.7336	4.2398	-0.0281
389.6864	1.7276	4.2467	-0.0263
389.8388	1.7365	4.2351	-0.0181
389.9912	1.7348	4.1956	-0.0159
390.1436	1.7400	4.2014	-0.0151
390.2960	1.7383	4.2619	-0.0195
390.4484	1.7413	4.3076	-0.0231
390.6008	1.7524	4.3052	-0.0238
390.7532	1.7612	4.3258	-0.0245
390.9056	1.7624	4.3728	-0.0246
391.0580	1.7622	4.4070	-0.0168
391.2104	1.7585	4.3733	-0.0125
391.3628	1.7637	4.2333	-0.0050
391.5152	1.7701	4.1959	-0.0079
391.6676	1.7780	4.2037	-0.0138
391.8200	1.7785	4.1929	-0.0236
391.9724	1.7781	4.1878	-0.0278
392.1248	1.7745	4.2076	-0.0251
392.2772	1.7708	4.3279	-0.0249
392.4296	1.7656	4.3253	-0.0271
392.5820	1.7692	4.3029	-0.0251
392.7344	1.7761	4.3020	-0.0215
392.8868	1.7734	4.3229	-0.0224
393.0392	1.7686	4.3308	-0.0273
393.1916	1.7657	4.3089	-0.0326
393.3440	1.7756	4.3078	-0.0296
393.4964	1.7773	4.3044	-0.0308
393.6488	1.7831	4.3882	-0.0284
393.8012	1.7821	4.4189	-0.0266
393.9536	1.7874	4.4391	-0.0197
394.1060	1.7824	4.3426	-0.0190
394.2584	1.7751	4.3720	-0.0189
394.4108	1.7661	4.3669	-0.0223
394.5632	1.7584	4.3567	-0.0223
394.7156	1.7588	4.3388	-0.0231
394.8680	1.7632	4.2535	-0.0211
395.0204	1.7666	4.1906	-0.0201
395.1728	1.7511	4.1133	-0.0229
395.3252	1.7305	4.1474	-0.0255
395.4776	1.7190	4.1529	-0.0240
395.6300	1.7161	4.1116	-0.0219
395.7824	1.7160	4.1535	-0.0207
395.9348	1.7131	4.2292	-0.0265
396.0872	1.7296	4.3532	-0.0263
396.2396	1.7559	4.3652	-0.0191
396.3920	1.7696	4.3684	-0.0165
396.5444	1.7758	4.4032	-0.0160
396.6968	1.7735	4.3890	-0.0234
396.8492	1.7806	4.3787	-0.0229
397.0016	1.7753	4.2908	-0.0259
397.1540	1.7746	4.2386	-0.0268
397.3064	1.7688	4.3917	-0.0308
397.4588	1.7647	4.5549	-0.0358
397.6112	1.7664	4.6569	-0.0350
397.7636	1.7759	4.5626	-0.0273
397.9160	1.7894	4.4525	-0.0155
398.0684	1.7893	4.4609	-0.0130
398.2208	1.7892	4.4169	-0.0146
398.3732	1.7828	4.4532	-0.0226
398.5256	1.7842	4.3882	-0.0245
398.6780	1.7812	4.3752	-0.0250
398.8304	1.7819	4.3455	-0.0241
398.9828	1.7816	4.3789	-0.0263
399.1352	1.7814	4.4341	-0.0300
399.2876	1.7788	4.4710	-0.0349
399.4400	1.7725	4.4425	-0.0364
399.5924	1.7763	4.3858	-0.0312
399.7448	1.7796	4.3012	-0.0240
399.8972	1.7844	4.3114	-0.0225
400.0496	1.7813	4.2726	-0.0268
400.2020	1.7770	4.3154	-0.0303
400.3544	1.7764	4.3618	-0.0309
400.5068	1.7714	4.4395	-0.0276
400.6592	1.7802	4.4388	-0.0093
400.8116	1.7838	4.3943	0.0058
400.9640	1.7863	4.4129	0.0111
401.1164	1.7954	4.4098	0.0084
401.2688	1.7901	4.4186	-0.0040
401.4212	1.7847	4.3231	-0.0178
401.5736	1.7788	4.3393	-0.0244
401.7260	1.7815	4.3422	-0.0281
401.8784	1.7838	4.3100	-0.0292
402.0308	1.7793	4.3224	-0.0341
402.1832	1.7764	4.3741	-0.0307
402.3356	1.7678	4.3931	-0.0316
402.4880	1.7625	4.3603	-0.0283
402.6404	1.7637	4.3088	-0.0282
402.7928	1.7653	4.2662	-0.0278
402.9452	1.7724	4.2237	-0.0249
403.0976	1.7704	4.1221	-0.0262
403.2500	1.7757	4.1870	-0.0218
403.4024	1.7768	4.2278	-0.0218
403.5548	1.7770	4.2475	-0.0202
403.7072	1.7694	4.2187	-0.0263
403.8596	1.7589	4.1461	-0.0328
404.0120	1.7508	4.1441	-0.0296
404.1644	1.7476	4.1390	-0.0248
404.3168	1.7494	4.1954	-0.0192
404.4692	1.7541	4.2225	-0.0221
404.6216	1.7564	4.2803	-0.0213
404.7740	1.7582	4.3033	-0.0188
404.9264	1.7530	4.3439	-0.0161
405.0788	1.7508	4.2771	-0.0172
405.2312	1.7460	4.2760	-0.0195
405.3836	1.7494	4.2822	-0.0232
405.5360	1.7459	4.4157	-0.0235
405.6884	1.7453	4.4320	-0.0219
405.8408	1.7393	4.5023	-0.0205
405.9932	1.7367	4.5030	-0.0255
406.1456	1.7440	4.5858	-0.0275
406.2980	1.7573	4.6309	-0.0278
406.4504	1.7790	4.6053	-0.0206
406.6028	1.7926	4.5975	-0.0114
406.7552	1.8032	4.5333	-0.0025
406.9076	1.8036	4.5713	0.0015
407.0600	1.7983	4.5657	-0.0051
407.2124	1.7965	4.5790	-0.0151
407.3648	1.7991	4.6031	-0.0237
407.5172	1.8033	4.5997	-0.0290
407.6696	1.8028	4.6172	-0.0289
407.8220	1.8001	4.5625	-0.0299
407.9744	1.7922	4.5612	-0.0354
408.1268	1.7878	4.5079	-0.0407
408.2792	1.7852	4.5388	-0.0432
408.4316	1.7917	4.5904	-0.0394
408.5840	1.7945	4.6794	-0.0388
408.7364	1.7974	4.6946	-0.0387
408.8888	1.7948	4.5630	-0.0430
409.0412	1.7923	4.5011	-0.0427
409.1936	1.7865	4.4494	-0.0389
409.3460	1.7768	4.4574	-0.0345
409.4984	1.7712	4.4265	-0.0299
409.6508	1.7715	4.3614	-0.0263
409.8032	1.7698	4.3899	-0.0232
409.9556	1.7598	4.3614	-0.0271
410.1080	1.7534	4.3717	-0.0277
410.2604	1.7552	4.3331	-0.0262
410.4128	1.7629	4.2943	-0.0236
410.5652	1.7684	4.2562	-0.0261
410.7176	1.7660	4.1936	-0.0269
410.8700	1.7609	4.2496	-0.0256
411.0224	1.7532	4.3013	-0.0247
411.1748	1.7503	4.3424	-0.0275
411.3272	1.7473	4.3002	-0.0284
411.4796	1.7508	4.2921	-0.0233
411.6320	1.7549	4.3695	-0.0133
411.7844	1.7604	4.3431	-0.0053
411.9368	1.7600	4.3081	-0.0044
412.0892	1.7565	4.2016	-0.0117
412.2416	1.7534	4.2360	-0.0175
412.3940	1.7505	4.2489	-0.0232
412.5464	1.7511	4.2684	-0.0238
412.6988	1.7503	4.2867	-0.0256
412.8512	1.7500	4.2982	-0.0264
413.0036	1.7554	4.3990	-0.0252
413.1560	1.7623	4.4062	-0.0233
413.3084	1.7673	4.3804	-0.0193
413.4608	1.7664	4.3011	-0.0200
413.6132	1.7687	4.3137	-0.0225
413.7656	1.7726	4.3409	-0.0248
413.9180	1.7690	4.3875	-0.0282
414.0704	1.7681	4.4370	-0.0283
414.2228	1.7684	4.4793	-0.0279
414.3752	1.7788	4.5079	-0.0221
414.5276	1.7741	4.4806	-0.0240
414.6800	1.7748	4.4896	-0.0223
414.8324	1.7708	4.5354	-0.0239
414.9848	1.7792	4.4974	-0.0210
415.1372	1.7879	4.5212	-0.0164
415.2896	1.7973	4.4576	-0.0126
415.4420	1.8047	4.5323	-0.0067
415.5944	1.8018	4.5996	-0.0119
415.7468	1.7981	4.5936	-0.0150
415.8992	1.7924	4.4871	-0.0179
416.0516	1.7872	4.3753	-0.0162
416.2040	1.7826	4.3952	-0.0168
416.3564	1.7756	4.4205	-0.0194
416.5088	1.7669	4.4291	-0.0243
416.6612	1.7617	4.3429	-0.0226
416.8136	1.7637	4.3183	-0.0172
416.9660	1.7681	4.3148	-0.0134
417.1184	1.7725	4.2990	-0.0102
417.2708	1.7724	4.3480	-0.0138
417.4232	1.7743	4.3478	-0.0155
417.5756	1.7747	4.4353	-0.0189
417.7280	1.7818	4.4631	-0.0156
417.8804	1.7830	4.4604	-0.0164
418.0328	1.7824	4.4276	-0.0167
418.1852	1.7743	4.3934	-0.0216
418.3376	1.7729	4.3997	-0.0178
418.4900	1.7640	4.3965	-0.0170
418.6424	1.7571	4.4083	-0.0147
418.7948	1.7469	4.4279	-0.0160
418.9472	1.7472	4.3876	-0.0160
419.0996	1.7428	4.4406	-0.0230
419.2520	1.7560	4.3914	-0.0249
419.4044	1.7634	4.4343	-0.0318
419.5568	1.7767	4.3217	-0.0315
419.7092	1.7626	4.2940	-0.0412
419.8616	1.7498	4.3243	-0.0388
420.0140	1.7410	4.3592	-0.0324
420.1664	1.7368	4.4042	-0.0266
420.3188	1.7367	4.3126	-0.0258
420.4712	1.7445	4.3098	-0.0249
420.6236	1.7559	4.3453	-0.0210
420.7760	1.7558	4.3875	-0.0247
420.9284	1.7507	4.3883	-0.0308
421.0808	1.7679	4.3582	-0.0297
421.2332	1.7896	4.4600	-0.0287
421.3856	1.8049	4.6096	-0.0269
421.5380	1.8043	4.6732	-0.0284
421.6904	1.8032	4.6404	-0.0320
421.8428	1.8080	4.5872	-0.0335
421.9952	1.8070	4.5085	-0.0384
422.1476	1.8128	4.4927	-0.0348
422.3000	1.8063	4.5169	-0.0375
422.4524	1.7996	4.5688	-0.0373
422.6048	1.7896	4.5946	-0.0402
422.7572	1.7837	4.5216	-0.0407
422.9096	1.7789	4.5541	-0.0407
423.0620	1.7746	4.5369	-0.0393
423.2144	1.7671	4.5047	-0.0362
423.3668	1.7630	4.4602	-0.0333
423.5192	1.7625	4.4919	-0.0322
423.6716	1.7720	4.5611	-0.0271
423.8240	1.7716	4.5557	-0.0295
423.9764	1.7784	4.5270	-0.0200
424.1288	1.7760	4.5793	-0.0245
424.2812	1.7880	4.6126	-0.0198
424.4336	1.7789	4.5055	-0.0332
424.5860	1.7756	4.3342	-0.0325
424.7384	1.7676	4.3113	-0.0329
424.8908	1.7699	4.3431	-0.0267
425.0432	1.7669	4.3293	-0.0271
425.1956	1.7645	4.3683	-0.0303
425.3480	1.7718	4.4445	-0.0307
425.5004	1.7839	4.5124	-0.0253
425.6528	1.7886	4.4436	-0.0233
425.8052	1.7826	4.4120	-0.0237
425.9576	1.7779	4.4626	-0.0282
426.1100	1.7804	4.4471	-0.0252
426.2624	1.7782	4.4354	-0.0283
426.4148	1.7722	4.2932	-0.0297
426.5672	1.7594	4.3539	-0.0346
426.7196	1.7639	4.3734	-0.0278
426.8720	1.7717	4.4753	-0.0201
427.0244	1.7766	4.4358	-0.0191
427.1768	1.7749	4.3721	-0.0210
427.3292	1.7695	4.3641	-0.0294
427.4816	1.7750	4.3791	-0.0268
427.6340	1.7833	4.4085	-0.0188
427.7864	1.7868	4.3863	-0.0147
427.9388	1.7847	4.3266	-0.0132
428.0912	1.7799	4.3417	-0.0147
428.2436	1.7769	4.3738	-0.0136
428.3960	1.7782	4.4055	-0.0104
428.5484	1.7782	4.4401	-0.0123
428.7008	1.7808	4.3850	-0.0129
428.8532	1.7749	4.2982	-0.0186
429.0056	1.7579	4.2158	-0.0183
429.1580	1.7403	4.1254	-0.0174
429.3104	1.7270	4.1183	-0.0128
429.4628	1.7188	4.0293	-0.0101
429.6152	1.7099	4.0575	-0.0091
429.7676	1.7047	4.0443	-0.0105
429.9200	1.7101	4.1311	-0.0128
430.0724	1.7172	4.2550	-0.0158
430.2248	1.7400	4.3629	-0.0186
430.3772	1.7681	4.5266	-0.0223
430.5296	1.7976	4.5893	-0.0304
430.6820	1.8128	4.6026	-0.0350
430.8344	1.8065	4.5277	-0.0391
430.9868	1.7986	4.5011	-0.0360
431.1392	1.7828	4.5280	-0.0351
431.2916	1.7792	4.5595	-0.0316
431.4440	1.7752	4.5141	-0.0288
431.5964	1.7721	4.5675	-0.0299
431.7488	1.7736	4.5397	-0.0311
431.9012	1.7750	4.5199	-0.0321
432.0536	1.7846	4.4396	-0.0278
432.2060	1.7879	4.4280	-0.0229
432.3584	1.7908	4.4419	-0.0211
432.5108	1.7841	4.4323	-0.0204
432.6632	1.7811	4.4888	-0.0183
432.8156	1.7813	4.6038	-0.0175
432.9680	1.7870	4.6893	-0.0171
433.1204	1.7870	4.6894	-0.0229
433.2728	1.7849	4.5649	-0.0251
433.4252	1.7781	4.6079	-0.0282
433.5776	1.7819	4.5996	-0.0246
433.7300	1.7838	4.5773	-0.0218
433.8824	1.7902	4.5314	-0.0175
434.0348	1.7862	4.4391	-0.0169
434.1872	1.7860	4.4776	-0.0108
434.3396	1.7827	4.4495	-0.0078
434.4920	1.7802	4.4754	-0.0082
434.6444	1.7755	4.4291	-0.0165
434.7968	1.7682	4.3905	-0.0270
434.9492	1.7641	4.3774	-0.0300
435.1016	1.7699	4.3614	-0.0231
435.2540	1.7699	4.3174	-0.0182
435.4064	1.7618	4.2933	-0.0177
435.5588	1.7500	4.3542	-0.0210
435.7112	1.7455	4.3986	-0.0203
435.8636	1.7458	4.4400	-0.0173
436.0160	1.7429	4.4043	-0.0185
436.1684	1.7422	4.3808	-0.0190
436.3208	1.7441	4.3943	-0.0207
436.4732	1.7457	4.4255	-0.0190
436.6256	1.7458	4.5006	-0.0203
436.7780	1.7473	4.4764	-0.0205
436.9304	1.7466	4.4632	-0.0206
437.0828	1.7453	4.4527	-0.0212
437.2352	1.7378	4.5173	-0.0277
437.3876	1.7400	4.6349	-0.0294
437.5400	1.7506	4.7489	-0.0311
437.6924	1.7678	4.8209	-0.0288
437.8448	1.7728	4.7058	-0.0304
437.9972	1.7686	4.5298	-0.0294
438.1496	1.7627	4.4801	-0.0335
438.3020	1.7692	4.5996	-0.0342
438.4544	1.7727	4.7691	-0.0387
438.6068	1.7850	4.7650	-0.0355
438.7592	1.7915	4.7425	-0.0369
438.9116	1.7988	4.6807	-0.0374
439.0640	1.7933	4.6811	-0.0414
439.2164	1.7944	4.6180	-0.0376
439.3688	1.7985	4.6192	-0.0342
439.5212	1.8089	4.6172	-0.0297
439.6736	1.8108	4.6185	-0.0343
439.8260	1.8173	4.6613	-0.0285
439.9784	1.8160	4.6411	-0.0270
440.1308	1.8154	4.6560	-0.0234
440.2832	1.8123	4.5403	-0.0271
440.4356	1.8126	4.5533	-0.0261
440.5880	1.8125	4.5613	-0.0277
440.7404	1.8135	4.6574	-0.0244
440.8928	1.8160	4.7005	-0.0217
441.0452	1.8192	4.7023	-0.0165
441.1976	1.8173	4.6717	-0.0181
441.3500	1.8095	4.6373	-0.0243
441.5024	1.8066	4.5552	-0.0284
441.6548	1.8001	4.5539	-0.0350
441.8072	1.8065	4.5112	-0.0311
441.9596	1.8004	4.5068	-0.0321
442.1120	1.8041	4.5645	-0.0286
442.2644	1.7967	4.5954	-0.0318
442.4168	1.7923	4.6557	-0.0309
442.5692	1.7894	4.5849	-0.0287
442.7216	1.7915	4.5748	-0.0239
442.8740	1.7928	4.5521	-0.0245
443.0264	1.7862	4.5958	-0.0252
443.1788	1.7786	4.6055	-0.0275
443.3312	1.7689	4.5834	-0.0309
443.4836	1.7650	4.4705	-0.0285
443.6360	1.7589	4.4322	-0.0301
443.7884	1.7622	4.3849	-0.0260
443.9408	1.7651	4.4173	-0.0253
444.0932	1.7680	4.3472	-0.0209
444.2456	1.7650	4.4100	-0.0192
444.3980	1.7652	4.4066	-0.0169
444.5504	1.7645	4.4444	-0.0161
444.7028	1.7651	4.4150	-0.0171
444.8552	1.7592	4.4450	-0.0231
445.0076	1.7594	4.4159	-0.0250
445.1600	1.7586	4.4020	-0.0245
445.3124	1.7596	4.3548	-0.0224
445.4648	1.7581	4.4677	-0.0225
445.6172	1.7604	4.4815	-0.0222
445.7696	1.7642	4.4369	-0.0196
445.9220	1.7574	4.4320	-0.0251
446.0744	1.7601	4.4273	-0.0220
446.2268	1.7674	4.4886	-0.0205
446.3792	1.7799	4.3436	-0.0156
446.5316	1.7834	4.3490	-0.0184
446.6840	1.7873	4.3965	-0.0202
446.8364	1.7903	4.5468	-0.0242
446.9888	1.7954	4.6108	-0.0236
447.1412	1.7908	4.5554	-0.0254
447.2936	1.7842	4.4735	-0.0255
447.4460	1.7762	4.3698	-0.0264
447.5984	1.7777	4.3489	-0.0218
447.7508	1.7789	4.3417	-0.0188
447.9032	1.7776	4.4017	-0.0199
448.0556	1.7687	4.4134	-0.0253
448.2080	1.7617	4.3827	-0.0296
448.3604	1.7462	4.3247	-0.0321
448.5128	1.7341	4.2653	-0.0333
448.6652	1.7337	4.2394	-0.0264
448.8176	1.7315	4.1688	-0.0250
448.9700	1.7262	4.1351	-0.0228
449.1224	1.7207	4.1267	-0.0202
449.2748	1.7194	4.1186	-0.0159
449.4272	1.7171	4.1771	-0.0157
449.5796	1.7087	4.2736	-0.0215
449.7320	1.7038	4.2993	-0.0242
449.8844	1.7155	4.3551	-0.0258
450.0368	1.7336	4.3234	-0.0285
450.1892	1.7512	4.4175	-0.0322
450.3416	1.7629	4.4372	-0.0308
450.4940	1.7607	4.4826	-0.0331
450.6464	1.7707	4.5569	-0.0283
450.7988	1.7694	4.6642	-0.0287
450.9512	1.7805	4.8115	-0.0281
451.1036	1.7808	4.7834	-0.0341
451.2560	1.7852	4.7352	-0.0386
451.4084	1.7932	4.6023	-0.0335
451.5608	1.8006	4.6117	-0.0308
451.7132	1.7985	4.5258	-0.0329
451.8656	1.7880	4.4940	-0.0393
452.0180	1.7869	4.4628	-0.0387
452.1704	1.7897	4.5943	-0.0369
452.3228	1.7856	4.6379	-0.0362
452.4752	1.7870	4.7195	-0.0295
452.6276	1.7890	4.6532	-0.0239
452.7800	1.7925	4.5583	-0.0176
452.9324	1.7826	4.5216	-0.0213
453.0848	1.7748	4.4438	-0.0229
453.2372	1.7663	4.5141	-0.0262
453.3896	1.7629	4.4489	-0.0265
453.5420	1.7496	4.5202	-0.0332
453.6944	1.7459	4.5211	-0.0337
453.8468	1.7431	4.4958	-0.0323
453.9992	1.7442	4.3855	-0.0259
454.1516	1.7409	4.3340	-0.0219
454.3040	1.7349	4.2249	-0.0237
454.4564	1.7342	4.1040	-0.0200
454.6088	1.7176	3.9893	-0.0221
454.7612	1.7049	4.0350	-0.0176
454.9136	1.6924	4.0722	-0.0152
455.0660	1.6938	4.0959	-0.0098
455.2184	1.7003	4.1182	-0.0111
455.3708	1.7061	4.1809	-0.0161
455.5232	1.7107	4.3480	-0.0277
455.6756	1.7190	4.4563	-0.0320
455.8280	1.7304	4.5048	-0.0290
455.9804	1.7414	4.4924	-0.0229
456.1328	1.7462	4.4278	-0.0216
456.2852	1.7532	4.4709	-0.0189
456.4376	1.7547	4.3972	-0.0212
456.5900	1.7522	4.3518	-0.0192
456.7424	1.7392	4.1953	-0.0239
456.8948	1.7259	4.1236	-0.0219
457.0472	1.7118	4.1019	-0.0242
457.1996	1.7054	4.1835	-0.0252
457.3520	1.7060	4.2215	-0.0218
457.5044	1.7050	4.2729	-0.0233
457.6568	1.7082	4.3282	-0.0216
457.8092	1.7078	4.4561	-0.0271
457.9616	1.7314	4.5343	-0.0219
458.1140	1.7466	4.5705	-0.0274
458.2664	1.7653	4.5669	-0.0294
458.4188	1.7587	4.6200	-0.0379
458.5712	1.7742	4.6474	-0.0342
458.7236	1.7923	4.7149	-0.0320
458.8760	1.8135	4.7053	-0.0282
459.0284	1.8133	4.7425	-0.0306
459.1808	1.8052	4.7344	-0.0329
459.3332	1.7964	4.7327	-0.0356
459.4856	1.7925	4.7053	-0.0330
459.6380	1.7836	4.6166	-0.0349
459.7904	1.7788	4.5451	-0.0315
459.9428	1.7742	4.5041	-0.0270
460.0952	1.7671	4.4391	-0.0251
460.2476	1.7470	4.4012	-0.0268
460.4000	1.7298	4.3043	-0.0298
460.5524	1.7210	4.3751	-0.0274
460.7048	1.7210	4.3624	-0.0256
460.8572	1.7164	4.3828	-0.0268
461.0096	1.7224	4.3280	-0.0230
461.1620	1.7259	4.3025	-0.0226
461.3144	1.7303	4.3644	-0.0233
461.4668	1.7346	4.3445	-0.0261
461.6192	1.7488	4.4331	-0.0277
461.7716	1.7711	4.4442	-0.0268
461.9240	1.7786	4.5501	-0.0332
462.0764	1.7783	4.5236	-0.0354
462.2288	1.7716	4.5821	-0.0360
462.3812	1.7732	4.5757	-0.0310
462.5336	1.7686	4.6159	-0.0314
462.6860	1.7628	4.5411	-0.0344
462.8384	1.7560	4.4893	-0.0368
462.9908	1.7550	4.4431	-0.0373
463.1432	1.7562	4.4826	-0.0386
463.2956	1.7591	4.5634	-0.0386
463.4480	1.7622	4.5800	-0.0353
463.6004	1.7632	4.5178	-0.0313
463.7528	1.7660	4.4262	-0.0264
463.9052	1.7696	4.4526	-0.0262
464.0576	1.7728	4.5347	-0.0267
464.2100	1.7783	4.6505	-0.0297
464.3624	1.7745	4.6313	-0.0365
464.5148	1.7754	4.6485	-0.0386
464.6672	1.7684	4.6121	-0.0409
464.8196	1.7689	4.6480	-0.0362
464.9720	1.7708	4.6007	-0.0342
465.1244	1.7740	4.6136	-0.0319
465.2768	1.7781	4.6127	-0.0292
465.4292	1.7794	4.6349	-0.0272
465.5816	1.7835	4.6233	-0.0278
465.7340	1.7865	4.7057	-0.0317
465.8864	1.7901	4.7648	-0.0345
466.0388	1.7871	4.8002	-0.0379
466.1912	1.7881	4.7947	-0.0350
466.3436	1.7874	4.7472	-0.0348
466.4960	1.7881	4.7101	-0.0316
466.6484	1.7838	4.5363	-0.0331
466.8008	1.7802	4.4444	-0.0336
466.9532	1.7827	4.3226	-0.0297
467.1056	1.7817	4.3495	-0.0264
467.2580	1.7802	4.3892	-0.0243
467.4104	1.7714	4.4516	-0.0290
467.5628	1.7672	4.5107	-0.0326
467.7152	1.7674	4.5345	-0.0336
467.8676	1.7753	4.5966	-0.0350
468.0200	1.7785	4.5249	-0.0382
468.1724	1.7768	4.4418	-0.0442
468.3248	1.7782	4.4048	-0.0425
468.4772	1.7843	4.4634	-0.0422
468.6296	1.7912	4.5429	-0.0384
468.7820	1.7873	4.6007	-0.0408
468.9344	1.7836	4.5399	-0.0393
469.0868	1.7759	4.4640	-0.0410
469.2392	1.7712	4.3641	-0.0438
469.3916	1.7762	4.4140	-0.0390
469.5440	1.7774	4.4569	-0.0378
469.6964	1.7793	4.4588	-0.0348
469.8488	1.7723	4.3813	-0.0388
470.0012	1.7650	4.3231	-0.0368
470.1536	1.7604	4.3633	-0.0316
470.3060	1.7535	4.3283	-0.0290
470.4584	1.7549	4.3616	-0.0269
470.6108	1.7532	4.3704	-0.0298
470.7632	1.7562	4.4487	-0.0292
470.9156	1.7554	4.5194	-0.0328
471.0680	1.7548	4.4865	-0.0336
471.2204	1.7492	4.4131	-0.0363
471.3728	1.7475	4.1852	-0.0341
471.5252	1.7254	4.0850	-0.0357
471.6776	1.7059	4.0450	-0.0314
471.8300	1.6804	4.1619	-0.0326
471.9824	1.6839	4.2294	-0.0260
472.1348	1.7150	4.3832	-0.0240
472.2872	1.7531	4.5301	-0.0226
472.4396	1.7903	4.6210	-0.0246
472.5920	1.7902	4.6188	-0.0335
472.7444	1.7943	4.4743	-0.0328
472.8968	1.7935	4.4684	-0.0293
473.0492	1.7973	4.4359	-0.0217
473.2016	1.7848	4.4952	-0.0264
473.3540	1.7639	4.4939	-0.0356
473.5064	1.7519	4.5454	-0.0383
473.6588	1.7603	4.5849	-0.0342
473.8112	1.7711	4.6606	-0.0331
473.9636	1.7793	4.7468	-0.0359
474.1160	1.7810	4.8104	-0.0393
474.2684	1.7934	4.8847	-0.0366
474.4208	1.7991	4.8277	-0.0379
474.5732	1.8034	4.7778	-0.0357
474.7256	1.7866	4.5553	-0.0374
474.8780	1.7737	4.4162	-0.0385
475.0304	1.7611	4.4128	-0.0421
475.1828	1.7647	4.5156	-0.0438
475.3352	1.7669	4.6063	-0.0447
475.4876	1.7728	4.5628	-0.0396
475.6400	1.7790	4.5144	-0.0327
475.7924	1.7780	4.5561	-0.0264
475.9448	1.7636	4.4691	-0.0303
476.0972	1.7462	4.3851	-0.0328
476.2496	1.7328	4.2275	-0.0328
476.4020	1.7260	4.1761	-0.0260
476.5544	1.7204	4.1884	-0.0219
476.7068	1.7160	4.1577	-0.0219
476.8592	1.7166	4.2371	-0.0219
477.0116	1.7182	4.2871	-0.0294
477.1640	1.7246	4.4936	-0.0318
477.3164	1.7334	4.5941	-0.0326
477.4688	1.7421	4.7162	-0.0301
477.6212	1.7499	4.6969	-0.0295
477.7736	1.7503	4.7489	-0.0332
477.9260	1.7503	4.6812	-0.0324
478.0784	1.7493	4.6960	-0.0329
478.2308	1.7542	4.6390	-0.0311
478.3832	1.7547	4.6510	-0.0330
478.5356	1.7641	4.5702	-0.0204
478.6880	1.7644	4.4883	-0.0101
478.8404	1.7785	4.4107	0.0077
478.9928	1.7794	4.3891	0.0028
479.1452	1.7797	4.4827	-0.0074
479.2976	1.7750	4.6059	-0.0212
479.4500	1.7911	4.7772	-0.0225
479.6024	1.8028	4.7898	-0.0291
479.7548	1.8084	4.8068	-0.0372
479.9072	1.8037	4.7916	-0.0439
480.0596	1.8080	4.8290	-0.0404
480.2120	1.8128	4.8726	-0.0367
480.3644	1.8146	4.8819	-0.0325
480.5168	1.8161	4.8458	-0.0315
480.6692	1.8142	4.8151	-0.0323
480.8216	1.8128	4.7923	-0.0321
480.9740	1.7969	4.8462	-0.0315
481.1264	1.7957	4.8834	-0.0319
481.2788	1.7902	4.9647	-0.0364
481.4312	1.7997	4.9401	-0.0394
481.5836	1.7897	4.8960	-0.0436
481.7360	1.7880	4.9118	-0.0387
481.8884	1.7796	4.8965	-0.0358
482.0408	1.7767	4.9319	-0.0286
482.1932	1.7667	4.8252	-0.0313
482.3456	1.7537	4.7189	-0.0337
482.4980	1.7377	4.6421	-0.0334
482.6504	1.7266	4.5428	-0.0280
482.8028	1.7230	4.4613	-0.0209
482.9552	1.7280	4.3356	-0.0189
483.1076	1.7297	4.3214	-0.0207
483.2600	1.7351	4.3320	-0.0231
483.4124	1.7399	4.3913	-0.0246
483.5648	1.7515	4.5191	-0.0238
483.7172	1.7539	4.7381	-0.0287
483.8696	1.7586	4.8476	-0.0354
484.0220	1.7552	4.7623	-0.0424
484.1744	1.7646	4.6342	-0.0394
484.3268	1.7635	4.5969	-0.0370
484.4792	1.7648	4.6694	-0.0371
484.6316	1.7671	4.6587	-0.0377
484.7840	1.7726	4.6977	-0.0354
484.9364	1.7829	4.5838	-0.0320
485.0888	1.7842	4.6174	-0.0318
485.2412	1.7873	4.6282	-0.0348
485.3936	1.7884	4.7192	-0.0322
485.5460	1.7898	4.7259	-0.0299
485.6984	1.7864	4.7048	-0.0304
485.8508	1.7754	4.6918	-0.0335
486.0032	1.7666	4.6186	-0.0374
486.1556	1.7654	4.5741	-0.0347
486.3080	1.7630	4.5282	-0.0352
486.4604	1.7612	4.5409	-0.0287
486.6128	1.7539	4.4956	-0.0254
486.7652	1.7469	4.4716	-0.0280
486.9176	1.7468	4.4938	-0.0301
487.0700	1.7489	4.5677	-0.0340
487.2224	1.7538	4.7445	-0.0342
487.3748	1.7611	4.8018	-0.0377
487.5272	1.7643	4.8248	-0.0386
487.6796	1.7762	4.6694	-0.0285
487.8320	1.7804	4.6006	-0.0188
487.9844	1.7844	4.5504	-0.0173
488.1368	1.7840	4.6031	-0.0208
488.2892	-999.2500	-999.2500	-999.2500
488.4416	-999.2500	-999.2500	-999.2500
