HOLE:	984b
LEG:	162
TOP:	87.934799
BOTTOM:	497.890808

DEPTH	IDPH	IMPH	SFLU

87.9348	0.4678	0.5245	0.5472
88.0872	0.4755	0.5592	0.5562
88.2396	0.4897	0.5944	0.5197
88.3920	0.5108	0.6100	0.5472
88.5444	0.5258	0.6016	0.5395
88.6968	0.5339	0.5810	0.5559
88.8492	0.5333	0.5627	0.5420
89.0016	0.5292	0.5536	0.5337
89.1540	0.5241	0.5524	0.5223
89.3064	0.5144	0.5552	0.4814
89.4588	0.5093	0.5585	0.4757
89.6112	0.5054	0.5603	0.5010
89.7636	0.5076	0.5598	0.5150
89.9160	0.5131	0.5583	0.5151
90.0684	0.5246	0.5581	0.5104
90.2208	0.5292	0.5612	0.5103
90.3732	0.5410	0.5681	0.5224
90.5256	0.5460	0.5774	0.5389
90.6780	0.5491	0.5864	0.5392
90.8304	0.5607	0.5935	0.5326
90.9828	0.5673	0.5990	0.5318
91.1352	0.5690	0.6039	0.5308
91.2876	0.5701	0.6089	0.5777
91.4400	0.5720	0.6128	0.5911
91.5924	0.5713	0.6138	0.5936
91.7448	0.5733	0.6109	0.5561
91.8972	0.5759	0.6055	0.5160
92.0496	0.5776	0.5999	0.5153
92.2020	0.5765	0.5965	0.5254
92.3544	0.5770	0.5967	0.5249
92.5068	0.5781	0.6014	0.5601
92.6592	0.5832	0.6098	0.5599
92.8116	0.5810	0.6190	0.5603
92.9640	0.5805	0.6242	0.5771
93.1164	0.5763	0.6210	0.5945
93.2688	0.5714	0.6101	0.5862
93.4212	0.5710	0.5964	0.5396
93.5736	0.5651	0.5850	0.4931
93.7260	0.5601	0.5784	0.5021
93.8784	0.5588	0.5760	0.5186
94.0308	0.5570	0.5769	0.5303
94.1832	0.5578	0.5803	0.5299
94.3356	0.5613	0.5852	0.5335
94.4880	0.5647	0.5900	0.5356
94.6404	0.5648	0.5931	0.5376
94.7928	0.5663	0.5941	0.5341
94.9452	0.5660	0.5932	0.5324
95.0976	0.5648	0.5914	0.5356
95.2500	0.5628	0.5885	0.5304
95.4024	0.5634	0.5841	0.5346
95.5548	0.5503	0.5782	0.5298
95.7072	0.5458	0.5714	0.5339
95.8596	0.5469	0.5642	0.5262
96.0120	0.5389	0.5571	0.4847
96.1644	0.5307	0.5508	0.4814
96.3168	0.5287	0.5463	0.4910
96.4692	0.5271	0.5441	0.4884
96.6216	0.5280	0.5440	0.4931
96.7740	0.5310	0.5454	0.4942
96.9264	0.5367	0.5485	0.4990
97.0788	0.5437	0.5545	0.5092
97.2312	0.5497	0.5637	0.5130
97.3836	0.5600	0.5750	0.5165
97.5360	0.5614	0.5857	0.5218
97.6884	0.5709	0.5940	0.5295
97.8408	0.5788	0.5998	0.5443
97.9932	0.5802	0.6041	0.5577
98.1456	0.5810	0.6063	0.5627
98.2980	0.5784	0.6054	0.5365
98.4504	0.5794	0.6004	0.5654
98.6028	0.5738	0.5927	0.5200
98.7552	0.5670	0.5838	0.5091
98.9076	0.5735	0.5761	0.5066
99.0600	0.5633	0.5708	0.5062
99.2124	0.5574	0.5684	0.5017
99.3648	0.5557	0.5683	0.5039
99.5172	0.5547	0.5695	0.5023
99.6696	0.5552	0.5706	0.5063
99.8220	0.5571	0.5713	0.5042
99.9744	0.5586	0.5724	0.5118
100.1268	0.5599	0.5748	0.5294
100.2792	0.5633	0.5790	0.5337
100.4316	0.5670	0.5841	0.5333
100.5840	0.5689	0.5889	0.5441
100.7364	0.5707	0.5918	0.5461
100.8888	0.5719	0.5924	0.5339
101.0412	0.5727	0.5913	0.5334
101.1936	0.5747	0.5903	0.5300
101.3460	0.5786	0.5905	0.5145
101.4984	0.5787	0.5921	0.5167
101.6508	0.5777	0.5946	0.5214
101.8032	0.5793	0.5970	0.5466
101.9556	0.5783	0.5986	0.5457
102.1080	0.5769	0.5982	0.5392
102.2604	0.5712	0.5946	0.5322
102.4128	0.5690	0.5876	0.5316
102.5652	0.5639	0.5784	0.5452
102.7176	0.5589	0.5692	0.5023
102.8700	0.5545	0.5619	0.4844
103.0224	0.5463	0.5573	0.4837
103.1748	0.5405	0.5547	0.4925
103.3272	0.5366	0.5531	0.4968
103.4796	0.5335	0.5517	0.5034
103.6320	0.5312	0.5495	0.5090
103.7844	0.5310	0.5462	0.5048
103.9368	0.5318	0.5425	0.4867
104.0892	0.5320	0.5399	0.4692
104.2416	0.5323	0.5396	0.4733
104.3940	0.5333	0.5422	0.4896
104.5464	0.5349	0.5469	0.5038
104.6988	0.5365	0.5524	0.5010
104.8512	0.5411	0.5568	0.5036
105.0036	0.5422	0.5592	0.5090
105.1560	0.5430	0.5596	0.5042
105.3084	0.5446	0.5585	0.5034
105.4608	0.5468	0.5570	0.4961
105.6132	0.5480	0.5572	0.4947
105.7656	0.5563	0.5607	0.5037
105.9180	0.5596	0.5680	0.5073
106.0704	0.5587	0.5777	0.4943
106.2228	0.5709	0.5877	0.5260
106.3752	0.5730	0.5959	0.5506
106.5276	0.5731	0.6008	0.5488
106.6800	0.5708	0.6010	0.5633
106.8324	0.5693	0.5963	0.5733
106.9848	0.5640	0.5871	0.5728
107.1372	0.5592	0.5750	0.5244
107.2896	0.5543	0.5624	0.4909
107.4420	0.5486	0.5517	0.4955
107.5944	0.5466	0.5450	0.4813
107.7468	0.5502	0.5438	0.4727
107.8992	0.5552	0.5486	0.4815
108.0516	0.5495	0.5582	0.5042
108.2040	0.5543	0.5706	0.5068
108.3564	0.5678	0.5841	0.5160
108.5088	0.5708	0.5968	0.5244
108.6612	0.5721	0.6049	0.5486
108.8136	0.5707	0.6030	0.5039
108.9660	0.5691	0.5893	0.5726
109.1184	0.5552	0.5677	0.5646
109.2708	0.5546	0.5486	0.4685
109.4232	0.5559	0.5388	0.4545
109.5756	0.5495	0.5390	0.4687
109.7280	0.5402	0.5458	0.4874
109.8804	0.5402	0.5549	0.4910
110.0328	0.5399	0.5633	0.5412
110.1852	0.5448	0.5690	0.5419
110.3376	0.5548	0.5716	0.5304
110.4900	0.5460	0.5720	0.5309
110.6424	0.5457	0.5721	0.4954
110.7948	0.5492	0.5730	0.5149
110.9472	0.5508	0.5737	0.5197
111.0996	0.5471	0.5706	0.5264
111.2520	0.5298	0.5607	0.4818
111.4044	0.5286	0.5466	0.5428
111.5568	0.5270	0.5340	0.5175
111.7092	0.5263	0.5279	0.4472
111.8616	0.5263	0.5291	0.4439
112.0140	0.5270	0.5356	0.4564
112.1664	0.5277	0.5448	0.5071
112.3188	0.5295	0.5548	0.5169
112.4712	0.5396	0.5640	0.5336
112.6236	0.5402	0.5700	0.5267
112.7760	0.5350	0.5709	0.5326
112.9284	0.5390	0.5671	0.5060
113.0808	0.5342	0.5610	0.4995
113.2332	0.5328	0.5543	0.4995
113.3856	0.5271	0.5473	0.4990
113.5380	0.5233	0.5402	0.4977
113.6904	0.5224	0.5341	0.4943
113.8428	0.5194	0.5304	0.4835
113.9952	0.5227	0.5301	0.4669
114.1476	0.5310	0.5330	0.4692
114.3000	0.5334	0.5377	0.4789
114.4524	0.5355	0.5439	0.4865
114.6048	0.5541	0.5525	0.5000
114.7572	0.5585	0.5642	0.5213
114.9096	0.5548	0.5776	0.5465
115.0620	0.5644	0.5885	0.5801
115.2144	0.5682	0.5929	0.5826
115.3668	0.5695	0.5901	0.5609
115.5192	0.5704	0.5834	0.5025
115.6716	0.5705	0.5773	0.5088
115.8240	0.5714	0.5753	0.5509
115.9764	0.5718	0.5793	0.5605
116.1288	0.5709	0.5894	0.5730
116.2812	0.5718	0.6034	0.5570
116.4336	0.5821	0.6167	0.5682
116.5860	0.5898	0.6247	0.5868
116.7384	0.5892	0.6264	0.5878
116.8908	0.5911	0.6240	0.5865
117.0432	0.5902	0.6200	0.5856
117.1956	0.5885	0.6144	0.5714
117.3480	0.5844	0.6059	0.5374
117.5004	0.5721	0.5946	0.5199
117.6528	0.5635	0.5824	0.5204
117.8052	0.5580	0.5719	0.5160
117.9576	0.5528	0.5643	0.5100
118.1100	0.5502	0.5596	0.5103
118.2624	0.5489	0.5570	0.5052
118.4148	0.5467	0.5560	0.5079
118.5672	0.5433	0.5560	0.5198
118.7196	0.5400	0.5552	0.5395
118.8720	0.5382	0.5524	0.5376
119.0244	0.5377	0.5483	0.5218
119.1768	0.5408	0.5453	0.4849
119.3292	0.5442	0.5459	0.4776
119.4816	0.5456	0.5513	0.4983
119.6340	0.5472	0.5608	0.5262
119.7864	0.5539	0.5718	0.5279
119.9388	0.5617	0.5816	0.5282
120.0912	0.5678	0.5885	0.5515
120.2436	0.5744	0.5929	0.5705
120.3960	0.5779	0.5958	0.5739
120.5484	0.5795	0.5983	0.5709
120.7008	0.5803	0.5999	0.5547
120.8532	0.5796	0.5997	0.5420
121.0056	0.5785	0.5975	0.5389
121.1580	0.5776	0.5945	0.5403
121.3104	0.5747	0.5915	0.5396
121.4628	0.5716	0.5893	0.5415
121.6152	0.5691	0.5881	0.5391
121.7676	0.5672	0.5869	0.5463
121.9200	0.5651	0.5846	0.5477
122.0724	0.5627	0.5812	0.5411
122.2248	0.5607	0.5773	0.5161
122.3772	0.5563	0.5733	0.5234
122.5296	0.5477	0.5693	0.5395
122.6820	0.5453	0.5652	0.5411
122.8344	0.5432	0.5608	0.5320
122.9868	0.5410	0.5570	0.5119
123.1392	0.5389	0.5544	0.5071
123.2916	0.5368	0.5530	0.4966
123.4440	0.5358	0.5519	0.5160
123.5964	0.5320	0.5502	0.5137
123.7488	0.5292	0.5480	0.5228
123.9012	0.5285	0.5460	0.4883
124.0536	0.5315	0.5459	0.4756
124.2060	0.5359	0.5481	0.4776
124.3584	0.5377	0.5517	0.4805
124.5108	0.5397	0.5560	0.5013
124.6632	0.5460	0.5607	0.5312
124.8156	0.5586	0.5665	0.5325
124.9680	0.5654	0.5742	0.5344
125.1204	0.5761	0.5847	0.5410
125.2728	0.5847	0.5978	0.5469
125.4252	0.5907	0.6120	0.5534
125.5776	0.6005	0.6248	0.5877
125.7300	0.6078	0.6340	0.5903
125.8824	0.6130	0.6390	0.5866
126.0348	0.6151	0.6410	0.5884
126.1872	0.6186	0.6414	0.5857
126.3396	0.6198	0.6411	0.5916
126.4920	0.6197	0.6405	0.5862
126.6444	0.6185	0.6401	0.5818
126.7968	0.6181	0.6398	0.5824
126.9492	0.6151	0.6394	0.5845
127.1016	0.6089	0.6377	0.5864
127.2540	0.5993	0.6328	0.5900
127.4064	0.5915	0.6238	0.5870
127.5588	0.5818	0.6111	0.5675
127.7112	0.5708	0.5963	0.5328
127.8636	0.5633	0.5818	0.5224
128.0160	0.5547	0.5695	0.5089
128.1684	0.5488	0.5611	0.5023
128.3208	0.5420	0.5566	0.5065
128.4732	0.5388	0.5550	0.5139
128.6256	0.5354	0.5538	0.5170
128.7780	0.5325	0.5514	0.5041
128.9304	0.5312	0.5480	0.4878
129.0828	0.5307	0.5448	0.4859
129.2352	0.5302	0.5433	0.4870
129.3876	0.5295	0.5443	0.4913
129.5400	0.5294	0.5475	0.5055
129.6924	0.5311	0.5519	0.5193
129.8448	0.5335	0.5567	0.5215
129.9972	0.5348	0.5606	0.5227
130.1496	0.5368	0.5627	0.5160
130.3020	0.5395	0.5623	0.5109
130.4544	0.5423	0.5607	0.5125
130.6068	0.5460	0.5599	0.5050
130.7592	0.5549	0.5622	0.4997
130.9116	0.5627	0.5686	0.5038
131.0640	0.5658	0.5799	0.5218
131.2164	0.5773	0.5960	0.5527
131.3688	0.5891	0.6152	0.5673
131.5212	0.5914	0.6319	0.5848
131.6736	0.5880	0.6379	0.6200
131.8260	0.5791	0.6278	0.6339
131.9784	0.5712	0.6051	0.6313
132.1308	0.5566	0.5782	0.5575
132.2832	0.5457	0.5546	0.4812
132.4356	0.5377	0.5377	0.4647
132.5880	0.5288	0.5283	0.4626
132.7404	0.5244	0.5261	0.4736
132.8928	0.5266	0.5308	0.4843
133.0452	0.5296	0.5412	0.5109
133.1976	0.5335	0.5551	0.5248
133.3500	0.5448	0.5695	0.5362
133.5024	0.5506	0.5813	0.5555
133.6548	0.5525	0.5875	0.5703
133.8072	0.5536	0.5867	0.5469
133.9596	0.5524	0.5802	0.5227
134.1120	0.5519	0.5710	0.5052
134.2644	0.5498	0.5626	0.5019
134.4168	0.5462	0.5579	0.5075
134.5692	0.5439	0.5582	0.5068
134.7216	0.5450	0.5629	0.5091
134.8740	0.5441	0.5699	0.5410
135.0264	0.5394	0.5757	0.5481
135.1788	0.5354	0.5764	0.5542
135.3312	0.5307	0.5696	0.5137
135.4836	0.5176	0.5563	0.5039
135.6360	0.5074	0.5392	0.4814
135.7884	0.5039	0.5215	0.4650
135.9408	0.4938	0.5060	0.4424
136.0932	0.4845	0.4950	0.4318
136.2456	0.4819	0.4894	0.4290
136.3980	0.4792	0.4892	0.4554
136.5504	0.4796	0.4932	0.4635
136.7028	0.4811	0.4989	0.4637
136.8552	0.4838	0.5045	0.4619
137.0076	0.4894	0.5090	0.4776
137.1600	0.4971	0.5127	0.4801
137.3124	0.5030	0.5166	0.4757
137.4648	0.5083	0.5225	0.4661
137.6172	0.5200	0.5314	0.4697
137.7696	0.5287	0.5430	0.4846
137.9220	0.5383	0.5560	0.5152
138.0744	0.5464	0.5685	0.5331
138.2268	0.5577	0.5789	0.5317
138.3792	0.5654	0.5865	0.5384
138.5316	0.5702	0.5915	0.5512
138.6840	0.5801	0.5951	0.5547
138.8364	0.5858	0.5997	0.5492
138.9888	0.5901	0.6068	0.5597
139.1412	0.5936	0.6163	0.5667
139.2936	0.5977	0.6259	0.5680
139.4460	0.6021	0.6334	0.5694
139.5984	0.6046	0.6374	0.5807
139.7508	0.6062	0.6379	0.5869
139.9032	0.6082	0.6362	0.5969
140.0556	0.6080	0.6333	0.5948
140.2080	0.6048	0.6297	0.5889
140.3604	0.5970	0.6252	0.5881
140.5128	0.5953	0.6194	0.5869
140.6652	0.5909	0.6125	0.5662
140.8176	0.5811	0.6052	0.5265
140.9700	0.5786	0.5983	0.5195
141.1224	0.5723	0.5921	0.5286
141.2748	0.5646	0.5865	0.5426
141.4272	0.5610	0.5809	0.5424
141.5796	0.5514	0.5741	0.5343
141.7320	0.5396	0.5648	0.5161
141.8844	0.5387	0.5532	0.5148
142.0368	0.5292	0.5402	0.4946
142.1892	0.5168	0.5277	0.4680
142.3416	0.5151	0.5181	0.4702
142.4940	0.5137	0.5135	0.4632
142.6464	0.5124	0.5149	0.4662
142.7988	0.5125	0.5219	0.4585
142.9512	0.5158	0.5320	0.4863
143.1036	0.5219	0.5419	0.5155
143.2560	0.5302	0.5494	0.5117
143.4084	0.5398	0.5551	0.5031
143.5608	0.5438	0.5607	0.5081
143.7132	0.5456	0.5669	0.5228
143.8656	0.5433	0.5715	0.5380
144.0180	0.5368	0.5708	0.5490
144.1704	0.5293	0.5623	0.5319
144.3228	0.5247	0.5476	0.5072
144.4752	0.5196	0.5320	0.4703
144.6276	0.5139	0.5208	0.4455
144.7800	0.5081	0.5163	0.4515
144.9324	0.5025	0.5178	0.4742
145.0848	0.4981	0.5216	0.4977
145.2372	0.4953	0.5236	0.5002
145.3896	0.4938	0.5216	0.4887
145.5420	0.4934	0.5160	0.4742
145.6944	0.4925	0.5092	0.4582
145.8468	0.4920	0.5040	0.4490
145.9992	0.4921	0.5023	0.4479
146.1516	0.4924	0.5048	0.4602
146.3040	0.4941	0.5107	0.4690
146.4564	0.5017	0.5182	0.4733
146.6088	0.5075	0.5259	0.4754
146.7612	0.5100	0.5333	0.4723
146.9136	0.5178	0.5404	0.4760
147.0660	0.5215	0.5471	0.4906
147.2184	0.5216	0.5514	0.5118
147.3708	0.5191	0.5510	0.5124
147.5232	0.5121	0.5450	0.5049
147.6756	0.5079	0.5350	0.4972
147.8280	0.5004	0.5231	0.4828
147.9804	0.4871	0.5107	0.4712
148.1328	0.4824	0.4993	0.4715
148.2852	0.4807	0.4904	0.4472
148.4376	0.4812	0.4860	0.4330
148.5900	0.4814	0.4876	0.4327
148.7424	0.4817	0.4949	0.4438
148.8948	0.4895	0.5058	0.4749
149.0472	0.4933	0.5172	0.4806
149.1996	0.4941	0.5260	0.4962
149.3520	0.4972	0.5297	0.5022
149.5044	0.4979	0.5280	0.5058
149.6568	0.4971	0.5228	0.4999
149.8092	0.4973	0.5163	0.4597
149.9616	0.4942	0.5104	0.4566
150.1140	0.4890	0.5063	0.4564
150.2664	0.4892	0.5044	0.4656
150.4188	0.4900	0.5051	0.4700
150.5712	0.4977	0.5079	0.4660
150.7236	0.4985	0.5122	0.4645
150.8760	0.5004	0.5179	0.4615
151.0284	0.5138	0.5264	0.4721
151.1808	0.5201	0.5381	0.4573
151.3332	0.5202	0.5509	0.4715
151.4856	0.5243	0.5604	0.5445
151.6380	0.5259	0.5625	0.5573
151.7904	0.5261	0.5572	0.5558
151.9428	0.5257	0.5476	0.4967
152.0952	0.5137	0.5371	0.4846
152.2476	0.5152	0.5282	0.4848
152.4000	0.5150	0.5224	0.4703
152.5524	0.5127	0.5211	0.4613
152.7048	0.5134	0.5245	0.4608
152.8572	0.5145	0.5325	0.4678
153.0096	0.5288	0.5446	0.5264
153.1620	0.5316	0.5593	0.5191
153.3144	0.5346	0.5733	0.5257
153.4668	0.5417	0.5819	0.5745
153.6192	0.5442	0.5818	0.5812
153.7716	0.5446	0.5741	0.5719
153.9240	0.5444	0.5631	0.4903
154.0764	0.5423	0.5535	0.4813
154.2288	0.5316	0.5469	0.4824
154.3812	0.5283	0.5434	0.4879
154.5336	0.5266	0.5419	0.4954
154.6860	0.5223	0.5416	0.5034
154.8384	0.5191	0.5416	0.5040
154.9908	0.5183	0.5414	0.5082
155.1432	0.5169	0.5400	0.4959
155.2956	0.5171	0.5373	0.4872
155.4480	0.5172	0.5341	0.4853
155.6004	0.5183	0.5324	0.4714
155.7528	0.5210	0.5340	0.4798
155.9052	0.5219	0.5389	0.4788
156.0576	0.5224	0.5454	0.4949
156.2100	0.5231	0.5504	0.5117
156.3624	0.5249	0.5521	0.5114
156.5148	0.5253	0.5500	0.5083
156.6672	0.5244	0.5453	0.5011
156.8196	0.5232	0.5398	0.4995
156.9720	0.5239	0.5352	0.4962
157.1244	0.5240	0.5329	0.4826
157.2768	0.5262	0.5336	0.4883
157.4292	0.5271	0.5373	0.4896
157.5816	0.5317	0.5441	0.4981
157.7340	0.5406	0.5539	0.5072
157.8864	0.5429	0.5652	0.5089
158.0388	0.5419	0.5750	0.5469
158.1912	0.5402	0.5791	0.5658
158.3436	0.5359	0.5753	0.5699
158.4960	0.5321	0.5651	0.5314
158.6484	0.5278	0.5515	0.5001
158.8008	0.5154	0.5376	0.4935
158.9532	0.5054	0.5254	0.5020
159.1056	0.5051	0.5162	0.4884
159.2580	0.5006	0.5108	0.4622
159.4104	0.4998	0.5089	0.4579
159.5628	0.5014	0.5101	0.4546
159.7152	0.5070	0.5147	0.4669
159.8676	0.5206	0.5228	0.4811
160.0200	0.5300	0.5343	0.4744
160.1724	0.5386	0.5486	0.5034
160.3248	0.5520	0.5642	0.5434
160.4772	0.5570	0.5793	0.5527
160.6296	0.5641	0.5919	0.5602
160.7820	0.5731	0.5999	0.5450
160.9344	0.5757	0.6024	0.5375
161.0868	0.5765	0.6004	0.5360
161.2392	0.5763	0.5967	0.5420
161.3916	0.5754	0.5936	0.5437
161.5440	0.5744	0.5910	0.5442
161.6964	0.5692	0.5880	0.5493
161.8488	0.5611	0.5837	0.5484
162.0012	0.5579	0.5782	0.5490
162.1536	0.5552	0.5721	0.5273
162.3060	0.5504	0.5664	0.5170
162.4584	0.5483	0.5617	0.5157
162.6108	0.5480	0.5594	0.5125
162.7632	0.5485	0.5608	0.5235
162.9156	0.5525	0.5666	0.5286
163.0680	0.5544	0.5756	0.5382
163.2204	0.5583	0.5860	0.5532
163.3728	0.5714	0.5960	0.5556
163.5252	0.5775	0.6042	0.5553
163.6776	0.5820	0.6102	0.5622
163.8300	0.5860	0.6140	0.5769
163.9824	0.5886	0.6163	0.5816
164.1348	0.5890	0.6171	0.5808
164.2872	0.5880	0.6162	0.5679
164.4396	0.5821	0.6130	0.5638
164.5920	0.5773	0.6074	0.5600
164.7444	0.5733	0.5996	0.5578
164.8968	0.5599	0.5896	0.5484
165.0492	0.5487	0.5780	0.5437
165.2016	0.5425	0.5657	0.5393
165.3540	0.5340	0.5543	0.5056
165.5064	0.5293	0.5451	0.4878
165.6588	0.5262	0.5389	0.4842
165.8112	0.5243	0.5362	0.4942
165.9636	0.5254	0.5366	0.5081
166.1160	0.5253	0.5397	0.5160
166.2684	0.5254	0.5448	0.5213
166.4208	0.5296	0.5507	0.5234
166.5732	0.5317	0.5559	0.5312
166.7256	0.5323	0.5588	0.5361
166.8780	0.5329	0.5583	0.5148
167.0304	0.5337	0.5551	0.5086
167.1828	0.5341	0.5514	0.5105
167.3352	0.5359	0.5501	0.5148
167.4876	0.5374	0.5527	0.5208
167.6400	0.5382	0.5586	0.5155
167.7924	0.5399	0.5660	0.5298
167.9448	0.5439	0.5721	0.5408
168.0972	0.5464	0.5754	0.5432
168.2496	0.5470	0.5757	0.5416
168.4020	0.5451	0.5732	0.5447
168.5544	0.5434	0.5685	0.5472
168.7068	0.5425	0.5627	0.5388
168.8592	0.5425	0.5574	0.5105
169.0116	0.5434	0.5546	0.4975
169.1640	0.5449	0.5555	0.5016
169.3164	0.5454	0.5600	0.5257
169.4688	0.5453	0.5665	0.5471
169.6212	0.5468	0.5720	0.5543
169.7736	0.5481	0.5744	0.5571
169.9260	0.5496	0.5736	0.5504
170.0784	0.5530	0.5714	0.5330
170.2308	0.5549	0.5704	0.5250
170.3832	0.5548	0.5720	0.5259
170.5356	0.5535	0.5754	0.5397
170.6880	0.5522	0.5789	0.5512
170.8404	0.5511	0.5803	0.5531
170.9928	0.5503	0.5792	0.5452
171.1452	0.5494	0.5763	0.5359
171.2976	0.5484	0.5726	0.5300
171.4500	0.5469	0.5683	0.5272
171.6024	0.5392	0.5630	0.5273
171.7548	0.5337	0.5563	0.5277
171.9072	0.5314	0.5488	0.5247
172.0596	0.5288	0.5423	0.5017
172.2120	0.5275	0.5386	0.4866
172.3644	0.5271	0.5384	0.4862
172.5168	0.5271	0.5416	0.5027
172.6692	0.5280	0.5467	0.5160
172.8216	0.5303	0.5525	0.5212
172.9740	0.5354	0.5578	0.5257
173.1264	0.5397	0.5621	0.5261
173.2788	0.5456	0.5658	0.5253
173.4312	0.5546	0.5695	0.5280
173.5836	0.5616	0.5746	0.5294
173.7360	0.5657	0.5813	0.5367
173.8884	0.5705	0.5892	0.5492
174.0408	0.5761	0.5968	0.5551
174.1932	0.5796	0.6029	0.5631
174.3456	0.5822	0.6067	0.5731
174.4980	0.5850	0.6087	0.5766
174.6504	0.5860	0.6095	0.5771
174.8028	0.5860	0.6095	0.5680
174.9552	0.5864	0.6095	0.5556
175.1076	0.5858	0.6099	0.5529
175.2600	0.5836	0.6104	0.5595
175.4124	0.5786	0.6098	0.5709
175.5648	0.5725	0.6072	0.5763
175.7172	0.5671	0.6020	0.5733
175.8696	0.5587	0.5938	0.5537
176.0220	0.5474	0.5827	0.5347
176.1744	0.5383	0.5695	0.5310
176.3268	0.5322	0.5556	0.5096
176.4792	0.5257	0.5431	0.4803
176.6316	0.5181	0.5339	0.4697
176.7840	0.5123	0.5289	0.4783
176.9364	0.5086	0.5274	0.4953
177.0888	0.5063	0.5281	0.5052
177.2412	0.5054	0.5296	0.5082
177.3936	0.5046	0.5301	0.4984
177.5460	0.5033	0.5289	0.4817
177.6984	0.5029	0.5257	0.4744
177.8508	0.5040	0.5218	0.4780
178.0032	0.5067	0.5192	0.4815
178.1556	0.5092	0.5197	0.4808
178.3080	0.5116	0.5245	0.4947
178.4604	0.5140	0.5328	0.5123
178.6128	0.5167	0.5423	0.5133
178.7652	0.5202	0.5497	0.5121
178.9176	0.5221	0.5525	0.5067
179.0700	0.5242	0.5506	0.4976
179.2224	0.5285	0.5465	0.4906
179.3748	0.5325	0.5439	0.4864
179.5272	0.5343	0.5456	0.4960
179.6796	0.5386	0.5523	0.5085
179.8320	0.5431	0.5625	0.5096
179.9844	0.5440	0.5730	0.5183
180.1368	0.5469	0.5803	0.5416
180.2892	0.5521	0.5827	0.5556
180.4416	0.5544	0.5808	0.5525
180.5940	0.5558	0.5773	0.5339
180.7464	0.5591	0.5748	0.5189
180.8988	0.5609	0.5745	0.5202
181.0512	0.5617	0.5765	0.5255
181.2036	0.5624	0.5802	0.5369
181.3560	0.5632	0.5846	0.5408
181.5084	0.5633	0.5886	0.5400
181.6608	0.5634	0.5909	0.5576
181.8132	0.5628	0.5909	0.5620
181.9656	0.5620	0.5885	0.5610
182.1180	0.5608	0.5845	0.5496
182.2704	0.5582	0.5795	0.5390
182.4228	0.5558	0.5747	0.5371
182.5752	0.5547	0.5710	0.5272
182.7276	0.5532	0.5697	0.5202
182.8800	0.5509	0.5708	0.5260
183.0324	0.5488	0.5733	0.5303
183.1848	0.5479	0.5749	0.5364
183.3372	0.5465	0.5736	0.5371
183.4896	0.5443	0.5690	0.5360
183.6420	0.5432	0.5628	0.5287
183.7944	0.5422	0.5578	0.5126
183.9468	0.5412	0.5557	0.5088
184.0992	0.5402	0.5569	0.5097
184.2516	0.5385	0.5600	0.5128
184.4040	0.5374	0.5632	0.5234
184.5564	0.5352	0.5648	0.5343
184.7088	0.5313	0.5632	0.5402
184.8612	0.5281	0.5579	0.5424
185.0136	0.5238	0.5492	0.5196
185.1660	0.5185	0.5387	0.4828
185.3184	0.5143	0.5286	0.4799
185.4708	0.5116	0.5213	0.4800
185.6232	0.5097	0.5182	0.4747
185.7756	0.5092	0.5198	0.4754
185.9280	0.5102	0.5258	0.4896
186.0804	0.5142	0.5348	0.5070
186.2328	0.5150	0.5444	0.5138
186.3852	0.5156	0.5517	0.5138
186.5376	0.5187	0.5543	0.5066
186.6900	0.5202	0.5518	0.5049
186.8424	0.5212	0.5466	0.5022
186.9948	0.5222	0.5417	0.4990
187.1472	0.5229	0.5389	0.5014
187.2996	0.5233	0.5390	0.5011
187.4520	0.5255	0.5415	0.5082
187.6044	0.5283	0.5457	0.5097
187.7568	0.5308	0.5504	0.5068
187.9092	0.5324	0.5547	0.5138
188.0616	0.5352	0.5579	0.5293
188.2140	0.5415	0.5599	0.5318
188.3664	0.5453	0.5617	0.5258
188.5188	0.5463	0.5643	0.5221
188.6712	0.5498	0.5681	0.5178
188.8236	0.5546	0.5730	0.5183
188.9760	0.5562	0.5779	0.5275
189.1284	0.5563	0.5815	0.5498
189.2808	0.5570	0.5831	0.5493
189.4332	0.5564	0.5826	0.5509
189.5856	0.5546	0.5804	0.5432
189.7380	0.5507	0.5766	0.5229
189.8904	0.5447	0.5712	0.5153
190.0428	0.5394	0.5645	0.5135
190.1952	0.5371	0.5571	0.5097
190.3476	0.5321	0.5492	0.5058
190.5000	0.5205	0.5410	0.5084
190.6524	0.5151	0.5328	0.5124
190.8048	0.5156	0.5248	0.4907
190.9572	0.5077	0.5180	0.4705
191.1096	0.5045	0.5134	0.4693
191.2620	0.5037	0.5123	0.4699
191.4144	0.5031	0.5150	0.4850
191.5668	0.5049	0.5210	0.4971
191.7192	0.5049	0.5281	0.4883
191.8716	0.5056	0.5344	0.5037
192.0240	0.5101	0.5383	0.5030
192.1764	0.5102	0.5395	0.5043
192.3288	0.5088	0.5380	0.4968
192.4812	0.5051	0.5339	0.4810
192.6336	0.4982	0.5277	0.4778
192.7860	0.4960	0.5202	0.4767
192.9384	0.4916	0.5119	0.4716
193.0908	0.4797	0.5034	0.4719
193.2432	0.4765	0.4953	0.4685
193.3956	0.4752	0.4887	0.4477
193.5480	0.4741	0.4854	0.4268
193.7004	0.4747	0.4859	0.4293
193.8528	0.4769	0.4902	0.4365
194.0052	0.4838	0.4974	0.4615
194.1576	0.4857	0.5064	0.4647
194.3100	0.4864	0.5152	0.4751
194.4624	0.4864	0.5208	0.5184
194.6148	0.4863	0.5205	0.5278
194.7672	0.4868	0.5142	0.5068
194.9196	0.4873	0.5047	0.4270
195.0720	0.4884	0.4966	0.4191
195.2244	0.4888	0.4931	0.4262
195.3768	0.4891	0.4959	0.4791
195.5292	0.4914	0.5043	0.5102
195.6816	0.4973	0.5155	0.5103
195.8340	0.4962	0.5253	0.5089
195.9864	0.4975	0.5299	0.4863
196.1388	0.4985	0.5281	0.4844
196.2912	0.4984	0.5218	0.4787
196.4436	0.4986	0.5146	0.4695
196.5960	0.4946	0.5096	0.4554
196.7484	0.4936	0.5080	0.4517
196.9008	0.4934	0.5097	0.4582
197.0532	0.4922	0.5132	0.4850
197.2056	0.4933	0.5168	0.4849
197.3580	0.4942	0.5192	0.4852
197.5104	0.4949	0.5197	0.4763
197.6628	0.4954	0.5187	0.4768
197.8152	0.4959	0.5169	0.4764
197.9676	0.4957	0.5152	0.4747
198.1200	0.4952	0.5140	0.4754
198.2724	0.4935	0.5135	0.4777
198.4248	0.4938	0.5131	0.4806
198.5772	0.4934	0.5125	0.4792
198.7296	0.4912	0.5113	0.4769
198.8820	0.4909	0.5098	0.4785
199.0344	0.4908	0.5083	0.4754
199.1868	0.4906	0.5073	0.4599
199.3392	0.4915	0.5072	0.4620
199.4916	0.4929	0.5081	0.4623
199.6440	0.4931	0.5099	0.4738
199.7964	0.4946	0.5126	0.4756
199.9488	0.4971	0.5157	0.4754
200.1012	0.4982	0.5186	0.4850
200.2536	0.4999	0.5207	0.5060
200.4060	0.5024	0.5215	0.4946
200.5584	0.5050	0.5214	0.5074
200.7108	0.5126	0.5221	0.4889
200.8632	0.5157	0.5257	0.4907
201.0156	0.5176	0.5334	0.4933
201.1680	0.5237	0.5449	0.5144
201.3204	0.5347	0.5579	0.5349
201.4728	0.5366	0.5692	0.5369
201.6252	0.5391	0.5763	0.5492
201.7776	0.5435	0.5788	0.5488
201.9300	0.5429	0.5773	0.5487
202.0824	0.5410	0.5729	0.5405
202.2348	0.5378	0.5667	0.5129
202.3872	0.5326	0.5598	0.5126
202.5396	0.5198	0.5527	0.5104
202.6920	0.5152	0.5456	0.5110
202.8444	0.5100	0.5378	0.4992
202.9968	0.5030	0.5290	0.4912
203.1492	0.5011	0.5201	0.4853
203.3016	0.5001	0.5136	0.4748
203.4540	0.4995	0.5114	0.4704
203.6064	0.4995	0.5138	0.4752
203.7588	0.4999	0.5191	0.4798
203.9112	0.5006	0.5249	0.4871
204.0636	0.5022	0.5290	0.4851
204.2160	0.5051	0.5305	0.4862
204.3684	0.5060	0.5297	0.4855
204.5208	0.5063	0.5278	0.4834
204.6732	0.5067	0.5257	0.4900
204.8256	0.5062	0.5241	0.4905
204.9780	0.5077	0.5237	0.4800
205.1304	0.5088	0.5252	0.4740
205.2828	0.5095	0.5288	0.4918
205.4352	0.5120	0.5338	0.4819
205.5876	0.5183	0.5392	0.4856
205.7400	0.5196	0.5437	0.5061
205.8924	0.5208	0.5467	0.5063
206.0448	0.5206	0.5484	0.5115
206.1972	0.5189	0.5486	0.5107
206.3496	0.5133	0.5460	0.5248
206.5020	0.5109	0.5395	0.4898
206.6544	0.5106	0.5303	0.4706
206.8068	0.5111	0.5219	0.4595
206.9592	0.5114	0.5181	0.4599
207.1116	0.5116	0.5208	0.4699
207.2640	0.5143	0.5289	0.5038
207.4164	0.5215	0.5394	0.5181
207.5688	0.5274	0.5492	0.5212
207.7212	0.5317	0.5570	0.5171
207.8736	0.5388	0.5630	0.5251
208.0260	0.5425	0.5676	0.5267
208.1784	0.5466	0.5710	0.5395
208.3308	0.5472	0.5727	0.5443
208.4832	0.5480	0.5723	0.5479
208.6356	0.5461	0.5699	0.5477
208.7880	0.5428	0.5660	0.5377
208.9404	0.5426	0.5616	0.5258
209.0928	0.5420	0.5576	0.5108
209.2452	0.5400	0.5552	0.5145
209.3976	0.5378	0.5546	0.5142
209.5500	0.5368	0.5555	0.5219
209.7024	0.5348	0.5568	0.5474
209.8548	0.5327	0.5574	0.5485
210.0072	0.5314	0.5565	0.5501
210.1596	0.5300	0.5544	0.5223
210.3120	0.5280	0.5518	0.5102
210.4644	0.5233	0.5491	0.5105
210.6168	0.5194	0.5461	0.5178
210.7692	0.5183	0.5424	0.5081
210.9216	0.5165	0.5384	0.4924
211.0740	0.5162	0.5352	0.4799
211.2264	0.5160	0.5339	0.4900
211.3788	0.5159	0.5350	0.5009
211.5312	0.5163	0.5377	0.5102
211.6836	0.5168	0.5406	0.5105
211.8360	0.5174	0.5424	0.5126
211.9884	0.5171	0.5427	0.5078
212.1408	0.5167	0.5415	0.5063
212.2932	0.5156	0.5395	0.5063
212.4456	0.5152	0.5375	0.4944
212.5980	0.5144	0.5364	0.4927
212.7504	0.5138	0.5366	0.4946
212.9028	0.5115	0.5378	0.4944
213.0552	0.5106	0.5387	0.4965
213.2076	0.5081	0.5380	0.5070
213.3600	0.5056	0.5345	0.4965
213.5124	0.5048	0.5287	0.5022
213.6648	0.5036	0.5222	0.4867
213.8172	0.4997	0.5170	0.4743
213.9696	0.4983	0.5141	0.4736
214.1220	0.4977	0.5134	0.4777
214.2744	0.4968	0.5141	0.4769
214.4268	0.4983	0.5153	0.4780
214.5792	0.4980	0.5166	0.4799
214.7316	0.4977	0.5179	0.4949
214.8840	0.4981	0.5190	0.4975
215.0364	0.4972	0.5194	0.5006
215.1888	0.4973	0.5188	0.5006
215.3412	0.4970	0.5174	0.4765
215.4936	0.4962	0.5158	0.4763
215.6460	0.4949	0.5146	0.4780
215.7984	0.4958	0.5143	0.4756
215.9508	0.4951	0.5146	0.4732
216.1032	0.4950	0.5152	0.4755
216.2556	0.4953	0.5159	0.4746
216.4080	0.4959	0.5169	0.4866
216.5604	0.4994	0.5181	0.4956
216.7128	0.5006	0.5195	0.4946
216.8652	0.5018	0.5210	0.4955
217.0176	0.5035	0.5227	0.4905
217.1700	0.5035	0.5249	0.4910
217.3224	0.5041	0.5270	0.4941
217.4748	0.5041	0.5284	0.4973
217.6272	0.5048	0.5284	0.4889
217.7796	0.5052	0.5274	0.4846
217.9320	0.5073	0.5265	0.4839
218.0844	0.5070	0.5267	0.4942
218.2368	0.5069	0.5276	0.4949
218.3892	0.5057	0.5285	0.4987
218.5416	0.5050	0.5284	0.4950
218.6940	0.5042	0.5272	0.4937
218.8464	0.5018	0.5250	0.4891
218.9988	0.4980	0.5223	0.4883
219.1512	0.4965	0.5193	0.4875
219.3036	0.4906	0.5157	0.4826
219.4560	0.4872	0.5114	0.4811
219.6084	0.4859	0.5066	0.4769
219.7608	0.4838	0.5020	0.4705
219.9132	0.4820	0.4990	0.4578
220.0656	0.4812	0.4981	0.4568
220.2180	0.4798	0.4986	0.4650
220.3704	0.4755	0.4991	0.4725
220.5228	0.4748	0.4982	0.4725
220.6752	0.4744	0.4956	0.4688
220.8276	0.4743	0.4923	0.4485
220.9800	0.4743	0.4893	0.4519
221.1324	0.4745	0.4878	0.4487
221.2848	0.4753	0.4885	0.4657
221.4372	0.4756	0.4915	0.4682
221.5896	0.4768	0.4962	0.4648
221.7420	0.4805	0.5014	0.4669
221.8944	0.4820	0.5059	0.4702
222.0468	0.4829	0.5089	0.4756
222.1992	0.4860	0.5104	0.4764
222.3516	0.4867	0.5107	0.4767
222.5040	0.4869	0.5104	0.4762
222.6564	0.4871	0.5097	0.4780
222.8088	0.4861	0.5088	0.4765
222.9612	0.4856	0.5077	0.4773
223.1136	0.4855	0.5068	0.4729
223.2660	0.4854	0.5061	0.4713
223.4184	0.4838	0.5056	0.4710
223.5708	0.4838	0.5050	0.4748
223.7232	0.4842	0.5046	0.4706
223.8756	0.4850	0.5050	0.4564
224.0280	0.4873	0.5065	0.4576
224.1804	0.4890	0.5091	0.4652
224.3328	0.4893	0.5120	0.4813
224.4852	0.4899	0.5145	0.4822
224.6376	0.4921	0.5161	0.4829
224.7900	0.4925	0.5168	0.4830
224.9424	0.4921	0.5162	0.4854
225.0948	0.4903	0.5140	0.4788
225.2472	0.4883	0.5105	0.4787
225.3996	0.4847	0.5064	0.4775
225.5520	0.4815	0.5023	0.4660
225.7044	0.4812	0.4987	0.4617
225.8568	0.4803	0.4959	0.4608
226.0092	0.4768	0.4940	0.4562
226.1616	0.4755	0.4935	0.4592
226.3140	0.4754	0.4941	0.4649
226.4664	0.4755	0.4957	0.4698
226.6188	0.4780	0.4974	0.4703
226.7712	0.4803	0.4990	0.4699
226.9236	0.4806	0.5004	0.4686
227.0760	0.4810	0.5013	0.4740
227.2284	0.4816	0.5019	0.4716
227.3808	0.4826	0.5020	0.4753
227.5332	0.4834	0.5016	0.4591
227.6856	0.4843	0.5015	0.4550
227.8380	0.4826	0.5019	0.4606
227.9904	0.4831	0.5027	0.4607
228.1428	0.4829	0.5032	0.4791
228.2952	0.4872	0.5034	0.4531
228.4476	0.4884	0.5041	0.4515
228.6000	0.4899	0.5061	0.4650
228.7524	0.4896	0.5097	0.5003
228.9048	0.4909	0.5137	0.5004
229.0572	0.4929	0.5168	0.5025
229.2096	0.4985	0.5188	0.4879
229.3620	0.5029	0.5205	0.4843
229.5144	0.5084	0.5234	0.4726
229.6668	0.5111	0.5284	0.4892
229.8192	0.5130	0.5351	0.5371
229.9716	0.5195	0.5423	0.5391
230.1240	0.5236	0.5491	0.5303
230.2764	0.5296	0.5556	0.5102
230.4288	0.5378	0.5619	0.5231
230.5812	0.5395	0.5676	0.5463
230.7336	0.5412	0.5717	0.5515
230.8860	0.5460	0.5737	0.5460
231.0384	0.5466	0.5742	0.5379
231.1908	0.5469	0.5741	0.5335
231.3432	0.5449	0.5738	0.5437
231.4956	0.5415	0.5724	0.5484
231.6480	0.5399	0.5691	0.5574
231.8004	0.5363	0.5637	0.5058
231.9528	0.5331	0.5574	0.5014
232.1052	0.5301	0.5512	0.5041
232.2576	0.5181	0.5457	0.5106
232.4100	0.5130	0.5401	0.5245
232.5624	0.5088	0.5335	0.5249
232.7148	0.5023	0.5264	0.5089
232.8672	0.4985	0.5196	0.4638
233.0196	0.4925	0.5140	0.4652
233.1720	0.4864	0.5089	0.4831
233.3244	0.4803	0.5034	0.4851
233.4768	0.4782	0.4977	0.4773
233.6292	0.4763	0.4931	0.4470
233.7816	0.4751	0.4913	0.4488
233.9340	0.4741	0.4924	0.4593
234.0864	0.4737	0.4952	0.4677
234.2388	0.4746	0.4981	0.4716
234.3912	0.4742	0.5000	0.4691
234.5436	0.4743	0.5006	0.4704
234.6960	0.4738	0.5001	0.4705
234.8484	0.4733	0.4987	0.4712
235.0008	0.4723	0.4966	0.4633
235.1532	0.4712	0.4939	0.4609
235.3056	0.4697	0.4911	0.4609
235.4580	0.4697	0.4888	0.4589
235.6104	0.4698	0.4875	0.4548
235.7628	0.4690	0.4870	0.4574
235.9152	0.4704	0.4875	0.4582
236.0676	0.4705	0.4891	0.4589
236.2200	0.4746	0.4924	0.4561
236.3724	0.4792	0.4975	0.4620
236.5248	0.4802	0.5039	0.4630
236.6772	0.4836	0.5106	0.4790
236.8296	0.4924	0.5166	0.4867
236.9820	0.4947	0.5212	0.4841
237.1344	0.4971	0.5245	0.4920
237.2868	0.5011	0.5265	0.4884
237.4392	0.5036	0.5274	0.4882
237.5916	0.5042	0.5276	0.4884
237.7440	0.5041	0.5275	0.4941
237.8964	0.5042	0.5271	0.4950
238.0488	0.5018	0.5263	0.4933
238.2012	0.4993	0.5247	0.4922
238.3536	0.4989	0.5221	0.4888
238.5060	0.4982	0.5186	0.4874
238.6584	0.4935	0.5148	0.4803
238.8108	0.4911	0.5116	0.4796
238.9632	0.4902	0.5093	0.4766
239.1156	0.4876	0.5076	0.4762
239.2680	0.4861	0.5059	0.4757
239.4204	0.4863	0.5044	0.4756
239.5728	0.4888	0.5044	0.4670
239.7252	0.4906	0.5067	0.4664
239.8776	0.4934	0.5115	0.4663
240.0300	0.4955	0.5179	0.4772
240.1824	0.5011	0.5246	0.5037
240.3348	0.5029	0.5301	0.5052
240.4872	0.5033	0.5338	0.5080
240.6396	0.5056	0.5356	0.5031
240.7920	0.5063	0.5354	0.5034
240.9444	0.5059	0.5331	0.4969
241.0968	0.5047	0.5288	0.4885
241.2492	0.4989	0.5231	0.4869
241.4016	0.4939	0.5171	0.4832
241.5540	0.4930	0.5121	0.4800
241.7064	0.4911	0.5088	0.4707
241.8588	0.4904	0.5073	0.4717
242.0112	0.4905	0.5072	0.4695
242.1636	0.4911	0.5083	0.4788
242.3160	0.4928	0.5106	0.4838
242.4684	0.4949	0.5139	0.4863
242.6208	0.4997	0.5179	0.4886
242.7732	0.5015	0.5222	0.4963
242.9256	0.5093	0.5267	0.4969
243.0780	0.5134	0.5315	0.4941
243.2304	0.5148	0.5370	0.5124
243.3828	0.5169	0.5426	0.5274
243.5352	0.5206	0.5472	0.5332
243.6876	0.5249	0.5497	0.5318
243.8400	0.5263	0.5504	0.5091
243.9924	0.5277	0.5505	0.5149
244.1448	0.5276	0.5513	0.5175
244.2972	0.5278	0.5529	0.5323
244.4496	0.5286	0.5543	0.5345
244.6020	0.5304	0.5552	0.5215
244.7544	0.5347	0.5558	0.5242
244.9068	0.5372	0.5569	0.5236
245.0592	0.5390	0.5596	0.5292
245.2116	0.5413	0.5645	0.5345
245.3640	0.5420	0.5705	0.5361
245.5164	0.5412	0.5751	0.5636
245.6688	0.5370	0.5746	0.5805
245.8212	0.5364	0.5677	0.5717
245.9736	0.5369	0.5572	0.5518
246.1260	0.5370	0.5480	0.4909
246.2784	0.5366	0.5441	0.4973
246.4308	0.5353	0.5467	0.5022
246.5832	0.5326	0.5539	0.5254
246.7356	0.5314	0.5616	0.5387
246.8880	0.5292	0.5649	0.5705
247.0404	0.5263	0.5609	0.5726
247.1928	0.5241	0.5502	0.5726
247.3452	0.5216	0.5368	0.5161
247.4976	0.5131	0.5255	0.4630
247.6500	0.5052	0.5188	0.4598
247.8024	0.5025	0.5160	0.4810
247.9548	0.4943	0.5144	0.4983
248.1072	0.4879	0.5121	0.4999
248.2596	0.4833	0.5082	0.4999
248.4120	0.4788	0.5032	0.4788
248.5644	0.4774	0.4979	0.4695
248.7168	0.4750	0.4930	0.4696
248.8692	0.4719	0.4890	0.4594
249.0216	0.4718	0.4871	0.4431
249.1740	0.4727	0.4883	0.4562
249.3264	0.4767	0.4927	0.4758
249.4788	0.4780	0.4993	0.4758
249.6312	0.4803	0.5064	0.4734
249.7836	0.4888	0.5125	0.4802
249.9360	0.4912	0.5171	0.4795
250.0884	0.4941	0.5204	0.4834
250.2408	0.5005	0.5232	0.4863
250.3932	0.5034	0.5258	0.4853
250.5456	0.5048	0.5281	0.4873
250.6980	0.5051	0.5299	0.4966
250.8504	0.5044	0.5308	0.4995
251.0028	0.5051	0.5305	0.4991
251.1552	0.5058	0.5296	0.4927
251.3076	0.5070	0.5292	0.4787
251.4600	0.5078	0.5301	0.4817
251.6124	0.5075	0.5327	0.4911
251.7648	0.5074	0.5362	0.5056
251.9172	0.5078	0.5390	0.5070
252.0696	0.5093	0.5396	0.5089
252.2220	0.5104	0.5382	0.5135
252.3744	0.5141	0.5363	0.5068
252.5268	0.5189	0.5366	0.5063
252.6792	0.5200	0.5405	0.5145
252.8316	0.5211	0.5473	0.5268
252.9840	0.5226	0.5542	0.5362
253.1364	0.5260	0.5584	0.5369
253.2888	0.5271	0.5587	0.5295
253.4412	0.5280	0.5565	0.5121
253.5936	0.5298	0.5542	0.5109
253.7460	0.5298	0.5530	0.5133
253.8984	0.5298	0.5531	0.5218
254.0508	0.5296	0.5536	0.5238
254.2032	0.5292	0.5537	0.5231
254.3556	0.5283	0.5530	0.5215
254.5080	0.5277	0.5513	0.5209
254.6604	0.5267	0.5490	0.5187
254.8128	0.5257	0.5464	0.5177
254.9652	0.5223	0.5441	0.5154
255.1176	0.5198	0.5423	0.5097
255.2700	0.5171	0.5405	0.5086
255.4224	0.5158	0.5379	0.5083
255.5748	0.5150	0.5344	0.5055
255.7272	0.5144	0.5310	0.4961
255.8796	0.5135	0.5290	0.4878
256.0320	0.5102	0.5289	0.4980
256.1844	0.5078	0.5297	0.5090
256.3368	0.5050	0.5296	0.5091
256.4892	0.5039	0.5274	0.5093
256.6416	0.5027	0.5231	0.4867
256.7940	0.5013	0.5185	0.4698
256.9464	0.5000	0.5155	0.4611
257.0988	0.4993	0.5152	0.4748
257.2512	0.4987	0.5178	0.4886
257.4036	0.5005	0.5220	0.4882
257.5560	0.4998	0.5261	0.4944
257.7084	0.4992	0.5289	0.5039
257.8608	0.5012	0.5299	0.5057
258.0132	0.4989	0.5291	0.5045
258.1656	0.4986	0.5266	0.5001
258.3180	0.4970	0.5219	0.4793
258.4704	0.4923	0.5155	0.4795
258.6228	0.4904	0.5090	0.4806
258.7752	0.4894	0.5042	0.4653
258.9276	0.4891	0.5024	0.4705
259.0800	0.4878	0.5034	0.4707
259.2324	0.4879	0.5058	0.4779
259.3848	0.4893	0.5081	0.4907
259.5372	0.4917	0.5099	0.4897
259.6896	0.4970	0.5116	0.4794
259.8420	0.5019	0.5142	0.4748
259.9944	0.5057	0.5189	0.4760
260.1468	0.5179	0.5266	0.4994
260.2992	0.5270	0.5375	0.5096
260.4516	0.5352	0.5513	0.5135
260.6040	0.5397	0.5661	0.5380
260.7564	0.5457	0.5785	0.5716
260.9088	0.5493	0.5850	0.5947
261.0612	0.5532	0.5845	0.5511
261.2136	0.5545	0.5789	0.5175
261.3660	0.5549	0.5723	0.5241
261.5184	0.5515	0.5673	0.5280
261.6708	0.5443	0.5649	0.5345
261.8232	0.5431	0.5643	0.5371
261.9756	0.5419	0.5645	0.5371
262.1280	0.5403	0.5649	0.5429
262.2804	0.5390	0.5653	0.5436
262.4328	0.5364	0.5649	0.5400
262.5852	0.5342	0.5626	0.5336
262.7376	0.5302	0.5581	0.5349
262.8900	0.5247	0.5523	0.5343
263.0424	0.5213	0.5466	0.5218
263.1948	0.5170	0.5417	0.5025
263.3472	0.5135	0.5373	0.5042
263.4996	0.5055	0.5328	0.5050
263.6520	0.5008	0.5278	0.5042
263.8044	0.4951	0.5221	0.4870
263.9568	0.4920	0.5157	0.4807
264.1092	0.4896	0.5090	0.4724
264.2616	0.4820	0.5030	0.4703
264.4140	0.4779	0.4983	0.4655
264.5664	0.4772	0.4948	0.4626
264.7188	0.4724	0.4921	0.4577
264.8712	0.4689	0.4897	0.4572
265.0236	0.4679	0.4878	0.4578
265.1760	0.4661	0.4864	0.4539
265.3284	0.4653	0.4858	0.4511
265.4808	0.4655	0.4858	0.4531
265.6332	0.4663	0.4863	0.4518
265.7856	0.4682	0.4875	0.4484
265.9380	0.4725	0.4897	0.4494
266.0904	0.4742	0.4931	0.4628
266.2428	0.4758	0.4973	0.4823
266.3952	0.4803	0.5015	0.4830
266.5476	0.4857	0.5050	0.4861
266.7000	0.4879	0.5078	0.4810
266.8524	0.4912	0.5103	0.4802
267.0048	0.4960	0.5130	0.4805
267.1572	0.5001	0.5162	0.4818
267.3096	0.5050	0.5201	0.4903
267.4620	0.5087	0.5250	0.4914
267.6144	0.5147	0.5311	0.4908
267.7668	0.5199	0.5380	0.4968
267.9192	0.5281	0.5448	0.5071
268.0716	0.5315	0.5512	0.5238
268.2240	0.5362	0.5576	0.5363
268.3764	0.5491	0.5648	0.5337
268.5288	0.5527	0.5728	0.5341
268.6812	0.5554	0.5805	0.5433
268.8336	0.5578	0.5863	0.5692
268.9860	0.5592	0.5888	0.5708
269.1384	0.5592	0.5874	0.5641
269.2908	0.5579	0.5831	0.5432
269.4432	0.5557	0.5775	0.5409
269.5956	0.5451	0.5721	0.5368
269.7480	0.5333	0.5666	0.5410
269.9004	0.5300	0.5598	0.5214
270.0528	0.5241	0.5509	0.5036
270.2052	0.5135	0.5407	0.5024
270.3576	0.5077	0.5314	0.5006
270.5100	0.5049	0.5253	0.4831
270.6624	0.5013	0.5228	0.4740
270.8148	0.5001	0.5233	0.4739
270.9672	0.4987	0.5249	0.4864
271.1196	0.4973	0.5260	0.5112
271.2720	0.4939	0.5253	0.5150
271.4244	0.4924	0.5218	0.5098
271.5768	0.4920	0.5157	0.4854
271.7292	0.4915	0.5084	0.4792
271.8816	0.4870	0.5018	0.4782
272.0340	0.4858	0.4979	0.4714
272.1864	0.4864	0.4982	0.4667
272.3388	0.4861	0.5025	0.4783
272.4912	0.4887	0.5093	0.4782
272.6436	0.4923	0.5159	0.4792
272.7960	0.4966	0.5205	0.5025
272.9484	0.4968	0.5226	0.4992
273.1008	0.4975	0.5234	0.4973
273.2532	0.4981	0.5238	0.4982
273.4056	0.4970	0.5239	0.4962
273.5580	0.4965	0.5234	0.4900
273.7104	0.4948	0.5221	0.4856
273.8628	0.4935	0.5204	0.4858
274.0152	0.4926	0.5185	0.4850
274.1676	0.4902	0.5163	0.4862
274.3200	0.4869	0.5134	0.4787
274.4724	0.4872	0.5097	0.4784
274.6248	0.4864	0.5055	0.4729
274.7772	0.4807	0.5016	0.4711
274.9296	0.4757	0.4981	0.4710
275.0820	0.4789	0.4948	0.4682
275.2344	0.4742	0.4915	0.4525
275.3868	0.4705	0.4882	0.4616
275.5392	0.4706	0.4857	0.4614
275.6916	0.4705	0.4847	0.4474
275.8440	0.4706	0.4856	0.4529
275.9964	0.4736	0.4879	0.4445
276.1488	0.4758	0.4912	0.4574
276.3012	0.4783	0.4955	0.4711
276.4536	0.4816	0.5008	0.4712
276.6060	0.4894	0.5070	0.4722
276.7584	0.4958	0.5137	0.4827
276.9108	0.4948	0.5204	0.5037
277.0632	0.4998	0.5267	0.5051
277.2156	0.5081	0.5320	0.5047
277.3680	0.5095	0.5359	0.5007
277.5204	0.5113	0.5380	0.5036
277.6728	0.5149	0.5390	0.5073
277.8252	0.5159	0.5396	0.5046
277.9776	0.5171	0.5404	0.5069
278.1300	0.5184	0.5411	0.5157
278.2824	0.5207	0.5419	0.5181
278.4348	0.5221	0.5429	0.5146
278.5872	0.5263	0.5449	0.5147
278.7396	0.5285	0.5482	0.5300
278.8920	0.5296	0.5524	0.5365
279.0444	0.5310	0.5560	0.5393
279.1968	0.5326	0.5580	0.5283
279.3492	0.5362	0.5584	0.5251
279.5016	0.5378	0.5582	0.5243
279.6540	0.5381	0.5587	0.5300
279.8064	0.5399	0.5604	0.5311
279.9588	0.5409	0.5632	0.5366
280.1112	0.5415	0.5662	0.5364
280.2636	0.5423	0.5684	0.5397
280.4160	0.5423	0.5693	0.5349
280.5684	0.5422	0.5689	0.5361
280.7208	0.5424	0.5677	0.5363
280.8732	0.5425	0.5664	0.5292
281.0256	0.5423	0.5656	0.5275
281.1780	0.5420	0.5654	0.5299
281.3304	0.5414	0.5655	0.5376
281.4828	0.5381	0.5651	0.5455
281.6352	0.5371	0.5633	0.5460
281.7876	0.5358	0.5599	0.5318
281.9400	0.5339	0.5556	0.5184
282.0924	0.5291	0.5512	0.5173
282.2448	0.5253	0.5473	0.5163
282.3972	0.5212	0.5433	0.5170
282.5496	0.5101	0.5381	0.5181
282.7020	0.5073	0.5311	0.5204
282.8544	0.5051	0.5229	0.5161
283.0068	0.5001	0.5155	0.4723
283.1592	0.4976	0.5109	0.4696
283.3116	0.4963	0.5099	0.4694
283.4640	0.4951	0.5122	0.4933
283.6164	0.4942	0.5162	0.4945
283.7688	0.4960	0.5203	0.4947
283.9212	0.4977	0.5234	0.5058
284.0736	0.5004	0.5253	0.5040
284.2260	0.4997	0.5266	0.5035
284.3784	0.4992	0.5272	0.5008
284.5308	0.4945	0.5264	0.5022
284.6832	0.4928	0.5231	0.4982
284.8356	0.4906	0.5169	0.4886
284.9880	0.4847	0.5091	0.4740
285.1404	0.4780	0.5013	0.4750
285.2928	0.4758	0.4949	0.4709
285.4452	0.4744	0.4902	0.4504
285.5976	0.4709	0.4870	0.4486
285.7500	0.4695	0.4852	0.4499
285.9024	0.4689	0.4846	0.4612
286.0548	0.4697	0.4855	0.4600
286.2072	0.4746	0.4880	0.4577
286.3596	0.4765	0.4917	0.4577
286.5120	0.4778	0.4964	0.4663
286.6644	0.4818	0.5014	0.4815
286.8168	0.4861	0.5063	0.4922
286.9692	0.4890	0.5105	0.4932
287.1216	0.4910	0.5137	0.4872
287.2740	0.4942	0.5156	0.4833
287.4264	0.4980	0.5168	0.4840
287.5788	0.5030	0.5188	0.4828
287.7312	0.5075	0.5231	0.4979
287.8836	0.5099	0.5300	0.5108
288.0360	0.5137	0.5385	0.5200
288.1884	0.5211	0.5465	0.5291
288.3408	0.5268	0.5524	0.5259
288.4932	0.5280	0.5559	0.5271
288.6456	0.5299	0.5579	0.5358
288.7980	0.5291	0.5585	0.5370
288.9504	0.5278	0.5573	0.5398
289.1028	0.5267	0.5537	0.5250
289.2552	0.5225	0.5479	0.5229
289.4076	0.5133	0.5412	0.5224
289.5600	0.5094	0.5345	0.5175
289.7124	0.5034	0.5278	0.4899
289.8648	0.4974	0.5212	0.4901
290.0172	0.4925	0.5149	0.4903
290.1696	0.4877	0.5096	0.4845
290.3220	0.4848	0.5059	0.4818
290.4744	0.4836	0.5038	0.4801
290.6268	0.4827	0.5030	0.4763
290.7792	0.4828	0.5032	0.4767
290.9316	0.4820	0.5043	0.4868
291.0840	0.4816	0.5053	0.4910
291.2364	0.4808	0.5052	0.4901
291.3888	0.4789	0.5035	0.4894
291.5412	0.4779	0.5007	0.4883
291.6936	0.4771	0.4979	0.4721
291.8460	0.4760	0.4958	0.4669
291.9984	0.4739	0.4948	0.4640
292.1508	0.4716	0.4946	0.4643
292.3032	0.4699	0.4946	0.4731
292.4556	0.4692	0.4943	0.4769
292.6080	0.4683	0.4935	0.4771
292.7604	0.4653	0.4919	0.4762
292.9128	0.4634	0.4893	0.4718
293.0652	0.4618	0.4858	0.4588
293.2176	0.4613	0.4818	0.4477
293.3700	0.4621	0.4786	0.4470
293.5224	0.4635	0.4774	0.4469
293.6748	0.4648	0.4795	0.4525
293.8272	0.4698	0.4849	0.4741
293.9796	0.4720	0.4923	0.4925
294.1320	0.4731	0.4996	0.4950
294.2844	0.4755	0.5050	0.4878
294.4368	0.4836	0.5082	0.4788
294.5892	0.4855	0.5099	0.4811
294.7416	0.4869	0.5110	0.4944
294.8940	0.4883	0.5120	0.4941
295.0464	0.4901	0.5128	0.4944
295.1988	0.4917	0.5134	0.4901
295.3512	0.4929	0.5138	0.4957
295.5036	0.4945	0.5142	0.5004
295.6560	0.4972	0.5143	0.4976
295.8084	0.4990	0.5146	0.4966
295.9608	0.5009	0.5160	0.4938
296.1132	0.5047	0.5191	0.5108
296.2656	0.5066	0.5236	0.4865
296.4180	0.5088	0.5282	0.5108
296.5704	0.5103	0.5319	0.5241
296.7228	0.5126	0.5341	0.5218
296.8752	0.5173	0.5356	0.5189
297.0276	0.5187	0.5374	0.5167
297.1800	0.5199	0.5403	0.5230
297.3324	0.5209	0.5440	0.5184
297.4848	0.5216	0.5476	0.5194
297.6372	0.5214	0.5499	0.5187
297.7896	0.5221	0.5501	0.5236
297.9420	0.5206	0.5484	0.5206
298.0944	0.5199	0.5455	0.5177
298.2468	0.5197	0.5416	0.5207
298.3992	0.5134	0.5372	0.5155
298.5516	0.5104	0.5326	0.5141
298.7040	0.5096	0.5284	0.5024
298.8564	0.5086	0.5253	0.4940
299.0088	0.5043	0.5236	0.4938
299.1612	0.5023	0.5230	0.4927
299.3136	0.5020	0.5230	0.5027
299.4660	0.5014	0.5230	0.5043
299.6184	0.5027	0.5225	0.5035
299.7708	0.5040	0.5222	0.5018
299.9232	0.5031	0.5234	0.4959
300.0756	0.5070	0.5273	0.5045
300.2280	0.5128	0.5334	0.5049
300.3804	0.5134	0.5400	0.5087
300.5328	0.5139	0.5441	0.5377
300.6852	0.5133	0.5441	0.5431
300.8376	0.5135	0.5408	0.5359
300.9900	0.5133	0.5361	0.5280
301.1424	0.5135	0.5319	0.4838
301.2948	0.5128	0.5292	0.4826
301.4472	0.5122	0.5281	0.4835
301.5996	0.5129	0.5290	0.5024
301.7520	0.5138	0.5317	0.5166
301.9044	0.5139	0.5357	0.5265
302.0568	0.5141	0.5396	0.5326
302.2092	0.5128	0.5416	0.5323
302.3616	0.5061	0.5401	0.5301
302.5140	0.5027	0.5343	0.5093
302.6664	0.5012	0.5255	0.4930
302.8188	0.4979	0.5163	0.4810
302.9712	0.4918	0.5094	0.4642
303.1236	0.4905	0.5067	0.4698
303.2760	0.4890	0.5081	0.4972
303.4284	0.4889	0.5116	0.5003
303.5808	0.4887	0.5149	0.5010
303.7332	0.4885	0.5168	0.5015
303.8856	0.4913	0.5169	0.4949
304.0380	0.4922	0.5160	0.4943
304.1904	0.4925	0.5147	0.4978
304.3428	0.4928	0.5134	0.5019
304.4952	0.4898	0.5121	0.5014
304.6476	0.4882	0.5106	0.5014
304.8000	0.4894	0.5094	0.4898
304.9524	0.4895	0.5084	0.4845
305.1048	0.4926	0.5079	0.4846
305.2572	0.4929	0.5082	0.4848
305.4096	0.4933	0.5100	0.4907
305.5620	0.4956	0.5136	0.5261
305.7144	0.4951	0.5183	0.4969
305.8668	0.4946	0.5221	0.5149
306.0192	0.4933	0.5222	0.5173
306.1716	0.4903	0.5176	0.5140
306.3240	0.4875	0.5102	0.5090
306.4764	0.4859	0.5028	0.4714
306.6288	0.4832	0.4979	0.4700
306.7812	0.4805	0.4961	0.4699
306.9336	0.4804	0.4968	0.4722
307.0860	0.4818	0.4998	0.4843
307.2384	0.4835	0.5044	0.4916
307.3908	0.4865	0.5098	0.4948
307.5432	0.4875	0.5143	0.5061
307.6956	0.4884	0.5162	0.5144
307.8480	0.4893	0.5149	0.5089
308.0004	0.4903	0.5115	0.4860
308.1528	0.4904	0.5084	0.4837
308.3052	0.4905	0.5072	0.4883
308.4576	0.4903	0.5085	0.4887
308.6100	0.4902	0.5116	0.4951
308.7624	0.4906	0.5148	0.5014
308.9148	0.4903	0.5167	0.5025
309.0672	0.4898	0.5166	0.5035
309.2196	0.4900	0.5150	0.5027
309.3720	0.4886	0.5128	0.5026
309.5244	0.4876	0.5106	0.4936
309.6768	0.4870	0.5086	0.4815
309.8292	0.4850	0.5067	0.4813
309.9816	0.4816	0.5047	0.4814
310.1340	0.4789	0.5025	0.4875
310.2864	0.4786	0.5004	0.4710
310.4388	0.4794	0.4983	0.4689
310.5912	0.4793	0.4970	0.4685
310.7436	0.4793	0.4969	0.4721
310.8960	0.4804	0.4983	0.4819
311.0484	0.4813	0.5010	0.4859
311.2008	0.4818	0.5042	0.4886
311.3532	0.4836	0.5073	0.4919
311.5056	0.4871	0.5097	0.4912
311.6580	0.4874	0.5112	0.4910
311.8104	0.4893	0.5122	0.4878
311.9628	0.4897	0.5130	0.4955
312.1152	0.4900	0.5138	0.4955
312.2676	0.4898	0.5143	0.4944
312.4200	0.4885	0.5140	0.4904
312.5724	0.4880	0.5128	0.4898
312.7248	0.4873	0.5105	0.4864
312.8772	0.4852	0.5074	0.4840
313.0296	0.4845	0.5044	0.4844
313.1820	0.4836	0.5019	0.4819
313.3344	0.4804	0.5004	0.4758
313.4868	0.4798	0.4995	0.4758
313.6392	0.4784	0.4986	0.4780
313.7916	0.4768	0.4975	0.4768
313.9440	0.4766	0.4960	0.4751
314.0964	0.4765	0.4945	0.4735
314.2488	0.4769	0.4936	0.4720
314.4012	0.4780	0.4939	0.4725
314.5536	0.4791	0.4959	0.4698
314.7060	0.4821	0.5000	0.4735
314.8584	0.4904	0.5059	0.4732
315.0108	0.4951	0.5130	0.4825
315.1632	0.4984	0.5203	0.5173
315.3156	0.5046	0.5269	0.5205
315.4680	0.5112	0.5322	0.5203
315.6204	0.5155	0.5362	0.5227
315.7728	0.5207	0.5392	0.5189
315.9252	0.5262	0.5423	0.5230
316.0776	0.5333	0.5471	0.5241
316.2300	0.5400	0.5546	0.5301
316.3824	0.5411	0.5651	0.5549
316.5348	0.5418	0.5768	0.5852
316.6872	0.5374	0.5856	0.6182
316.8396	0.5357	0.5864	0.6283
316.9920	0.5328	0.5768	0.5715
317.1444	0.5262	0.5600	0.5062
317.2968	0.5165	0.5423	0.5042
317.4492	0.5136	0.5290	0.4987
317.6016	0.5109	0.5217	0.5028
317.7540	0.5023	0.5193	0.5023
317.9064	0.4987	0.5199	0.5051
318.0588	0.4968	0.5213	0.5143
318.2112	0.4956	0.5221	0.5211
318.3636	0.4948	0.5216	0.5203
318.5160	0.4936	0.5196	0.5199
318.6684	0.4926	0.5164	0.4989
318.8208	0.4914	0.5125	0.4877
318.9732	0.4858	0.5086	0.4905
319.1256	0.4842	0.5052	0.4902
319.2780	0.4834	0.5031	0.4805
319.4304	0.4822	0.5023	0.4796
319.5828	0.4816	0.5024	0.4800
319.7352	0.4811	0.5030	0.4811
319.8876	0.4815	0.5038	0.4879
320.0400	0.4815	0.5047	0.4915
320.1924	0.4814	0.5055	0.4908
320.3448	0.4815	0.5060	0.4906
320.4972	0.4815	0.5059	0.4864
320.6496	0.4817	0.5051	0.4865
320.8020	0.4796	0.5036	0.4857
320.9544	0.4795	0.5014	0.4843
321.1068	0.4802	0.4992	0.4788
321.2592	0.4812	0.4979	0.4736
321.4116	0.4845	0.4981	0.4733
321.5640	0.4856	0.5003	0.4729
321.7164	0.4871	0.5040	0.5093
321.8688	0.4890	0.5082	0.5263
322.0212	0.4903	0.5119	0.5213
322.1736	0.4916	0.5144	0.5201
322.3260	0.4983	0.5158	0.4887
322.4784	0.5007	0.5168	0.4879
322.6308	0.5028	0.5185	0.4867
322.7832	0.5101	0.5230	0.5048
322.9356	0.5112	0.5309	0.5160
323.0880	0.5106	0.5403	0.5257
323.2404	0.5057	0.5461	0.6024
323.3928	0.5038	0.5436	0.6122
323.5452	0.5002	0.5327	0.5880
323.6976	0.4989	0.5181	0.4649
323.8500	0.4986	0.5059	0.4581
324.0024	0.4954	0.4998	0.4599
324.1548	0.4942	0.5011	0.4811
324.3072	0.4933	0.5090	0.5006
324.4596	0.4935	0.5206	0.5651
324.6120	0.4994	0.5315	0.5692
324.7644	0.5020	0.5373	0.5695
324.9168	0.5029	0.5367	0.5385
325.0692	0.5064	0.5319	0.5087
325.2216	0.5088	0.5266	0.5070
325.3740	0.5096	0.5235	0.5070
325.5264	0.5096	0.5240	0.5302
325.6788	0.5081	0.5276	0.5401
325.8312	0.5083	0.5327	0.5396
325.9836	0.5094	0.5373	0.5531
326.1360	0.5133	0.5400	0.5262
326.2884	0.5167	0.5407	0.5234
326.4408	0.5192	0.5408	0.5089
326.5932	0.5204	0.5418	0.5217
326.7456	0.5207	0.5440	0.5775
326.8980	0.5195	0.5463	0.5852
327.0504	0.5188	0.5470	0.5793
327.2028	0.5193	0.5453	0.5540
327.3552	0.5198	0.5422	0.5256
327.5076	0.5238	0.5398	0.5122
327.6600	0.5257	0.5400	0.5112
327.8124	0.5247	0.5433	0.5241
327.9648	0.5245	0.5487	0.5816
328.1172	0.5219	0.5540	0.5834
328.2696	0.5200	0.5563	0.5851
328.4220	0.5192	0.5534	0.5569
328.5744	0.5186	0.5456	0.4879
328.7268	0.5141	0.5358	0.5240
328.8792	0.5117	0.5274	0.5153
329.0316	0.5077	0.5223	0.5058
329.1840	0.5010	0.5202	0.5137
329.3364	0.4981	0.5197	0.5128
329.4888	0.4959	0.5194	0.5149
329.6412	0.4949	0.5186	0.5191
329.7936	0.4939	0.5175	0.5184
329.9460	0.4924	0.5161	0.5112
330.0984	0.4907	0.5145	0.4984
330.2508	0.4879	0.5127	0.4964
330.4032	0.4857	0.5107	0.4941
330.5556	0.4828	0.5082	0.4961
330.7080	0.4792	0.5049	0.4919
330.8604	0.4781	0.5008	0.4932
331.0128	0.4758	0.4965	0.4824
331.1652	0.4742	0.4926	0.4770
331.3176	0.4727	0.4899	0.4752
331.4700	0.4723	0.4889	0.4695
331.6224	0.4719	0.4896	0.4710
331.7748	0.4716	0.4915	0.4717
331.9272	0.4729	0.4943	0.4823
332.0796	0.4742	0.4971	0.4883
332.2320	0.4743	0.4994	0.4906
332.3844	0.4750	0.5007	0.4853
332.5368	0.4767	0.5011	0.4850
332.6892	0.4769	0.5009	0.4846
332.8416	0.4774	0.5001	0.4876
332.9940	0.4780	0.4987	0.4887
333.1464	0.4767	0.4968	0.4874
333.2988	0.4780	0.4949	0.4838
333.4512	0.4793	0.4941	0.4650
333.6036	0.4816	0.4953	0.4614
333.7560	0.4871	0.4984	0.4613
333.9084	0.4886	0.5025	0.4602
334.0608	0.4897	0.5066	0.5223
334.2132	0.4929	0.5100	0.5633
334.3656	0.4952	0.5124	0.5634
334.5180	0.4959	0.5143	0.5527
334.6704	0.4975	0.5161	0.4884
334.8228	0.4982	0.5181	0.4839
334.9752	0.4984	0.5204	0.4863
335.1276	0.4990	0.5233	0.4976
335.2800	0.5003	0.5271	0.5027
335.4324	0.5068	0.5315	0.5031
335.5848	0.5074	0.5359	0.5120
335.7372	0.5081	0.5392	0.5266
335.8896	0.5121	0.5405	0.5266
336.0420	0.5129	0.5400	0.5280
336.1944	0.5127	0.5384	0.5252
336.3468	0.5128	0.5362	0.5088
336.4992	0.5105	0.5335	0.5091
336.6516	0.5049	0.5307	0.5089
336.8040	0.5039	0.5278	0.5085
336.9564	0.5037	0.5247	0.5001
337.1088	0.5020	0.5217	0.4992
337.2612	0.5009	0.5191	0.4997
337.4136	0.5008	0.5178	0.4961
337.5660	0.5009	0.5183	0.5081
337.7184	0.5016	0.5202	0.5101
337.8708	0.5038	0.5226	0.5102
338.0232	0.5037	0.5248	0.5145
338.1756	0.5048	0.5267	0.5215
338.3280	0.5087	0.5285	0.5233
338.4804	0.5094	0.5304	0.5232
338.6328	0.5097	0.5320	0.5204
338.7852	0.5099	0.5326	0.5196
338.9376	0.5101	0.5323	0.5189
339.0900	0.5097	0.5314	0.5186
339.2424	0.5089	0.5302	0.5163
339.3948	0.5078	0.5288	0.5150
339.5472	0.5060	0.5274	0.5127
339.6996	0.5034	0.5258	0.5044
339.8520	0.5013	0.5240	0.5031
340.0044	0.4978	0.5218	0.5039
340.1568	0.4933	0.5192	0.5035
340.3092	0.4910	0.5160	0.5021
340.4616	0.4876	0.5119	0.4985
340.6140	0.4804	0.5070	0.4901
340.7664	0.4772	0.5013	0.4838
340.9188	0.4752	0.4954	0.4734
341.0712	0.4723	0.4900	0.4676
341.2236	0.4654	0.4858	0.4673
341.3760	0.4609	0.4826	0.4685
341.5284	0.4600	0.4793	0.4663
341.6808	0.4579	0.4752	0.4605
341.8332	0.4529	0.4704	0.4604
341.9856	0.4526	0.4662	0.4560
342.1380	0.4525	0.4645	0.4403
342.2904	0.4531	0.4658	0.4453
342.4428	0.4564	0.4695	0.4443
342.5952	0.4593	0.4744	0.4496
342.7476	0.4603	0.4795	0.4692
342.9000	0.4629	0.4843	0.4720
343.0524	0.4710	0.4887	0.4727
343.2048	0.4766	0.4923	0.4721
343.3572	0.4778	0.4952	0.4881
343.5096	0.4818	0.4981	0.5052
343.6620	0.4872	0.5017	0.4996
343.8144	0.4892	0.5062	0.5091
343.9668	0.4914	0.5116	0.5149
344.1192	0.4974	0.5173	0.5114
344.2716	0.5005	0.5232	0.5128
344.4240	0.5020	0.5290	0.5092
344.5764	0.5068	0.5346	0.5110
344.7288	0.5132	0.5398	0.5096
344.8812	0.5143	0.5439	0.5146
345.0336	0.5147	0.5453	0.5519
345.1860	0.5140	0.5429	0.5520
345.3384	0.5132	0.5371	0.5519
345.4908	0.5127	0.5305	0.5245
345.6432	0.5100	0.5256	0.4916
345.7956	0.5091	0.5235	0.4921
345.9480	0.5084	0.5242	0.4922
346.1004	0.5070	0.5266	0.5023
346.2528	0.5052	0.5296	0.5254
346.4052	0.5041	0.5315	0.5337
346.5576	0.5028	0.5309	0.5277
346.7100	0.5007	0.5272	0.5262
346.8624	0.4949	0.5213	0.5264
347.0148	0.4923	0.5143	0.5071
347.1672	0.4853	0.5068	0.4713
347.3196	0.4814	0.4993	0.4710
347.4720	0.4790	0.4926	0.4701
347.6244	0.4698	0.4871	0.4627
347.7768	0.4651	0.4830	0.4730
347.9292	0.4631	0.4802	0.4739
348.0816	0.4604	0.4780	0.4740
348.2340	0.4591	0.4767	0.4712
348.3864	0.4579	0.4763	0.4725
348.5388	0.4562	0.4768	0.4713
348.6912	0.4530	0.4774	0.4721
348.8436	0.4514	0.4772	0.4717
348.9960	0.4501	0.4759	0.4726
349.1484	0.4491	0.4735	0.4671
349.3008	0.4490	0.4706	0.4664
349.4532	0.4485	0.4680	0.4623
349.6056	0.4483	0.4666	0.4624
349.7580	0.4484	0.4669	0.4645
349.9104	0.4490	0.4685	0.4642
350.0628	0.4493	0.4708	0.4668
350.2152	0.4496	0.4729	0.4722
350.3676	0.4509	0.4744	0.4711
350.5200	0.4524	0.4751	0.4663
350.6724	0.4532	0.4751	0.4641
350.8248	0.4543	0.4752	0.4566
350.9772	0.4571	0.4758	0.4560
351.1296	0.4589	0.4770	0.4564
351.2820	0.4599	0.4792	0.4677
351.4344	0.4624	0.4823	0.4828
351.5868	0.4683	0.4861	0.4836
351.7392	0.4699	0.4899	0.4832
351.8916	0.4711	0.4933	0.4873
352.0440	0.4750	0.4958	0.4868
352.1964	0.4780	0.4974	0.4870
352.3488	0.4791	0.4982	0.4853
352.5012	0.4803	0.4983	0.4796
352.6536	0.4813	0.4978	0.4798
352.8060	0.4824	0.4973	0.4796
352.9584	0.4829	0.4974	0.4888
353.1108	0.4838	0.4987	0.4934
353.2632	0.4845	0.5013	0.4920
353.4156	0.4847	0.5046	0.4943
353.5680	0.4847	0.5075	0.5041
353.7204	0.4839	0.5087	0.5061
353.8728	0.4840	0.5080	0.5039
354.0252	0.4842	0.5060	0.4952
354.1776	0.4846	0.5039	0.4910
354.3300	0.4851	0.5030	0.4920
354.4824	0.4856	0.5039	0.4929
354.6348	0.4860	0.5061	0.4997
354.7872	0.4865	0.5090	0.4991
354.9396	0.4883	0.5114	0.5003
355.0920	0.4890	0.5128	0.5011
355.2444	0.4894	0.5129	0.5010
355.3968	0.4902	0.5121	0.4959
355.5492	0.4910	0.5111	0.4981
355.7016	0.4914	0.5103	0.4964
355.8540	0.4916	0.5100	0.5020
356.0064	0.4913	0.5101	0.5041
356.1588	0.4916	0.5106	0.5038
356.3112	0.4917	0.5110	0.5026
356.4636	0.4919	0.5113	0.5021
356.6160	0.4917	0.5114	0.5045
356.7684	0.4912	0.5112	0.5048
356.9208	0.4907	0.5107	0.5018
357.0732	0.4899	0.5101	0.4975
357.2256	0.4897	0.5093	0.4959
357.3780	0.4891	0.5083	0.4997
357.5304	0.4874	0.5073	0.4964
357.6828	0.4881	0.5066	0.4945
357.8352	0.4887	0.5067	0.4955
357.9876	0.4891	0.5083	0.4983
358.1400	0.4898	0.5113	0.4975
358.2924	0.4907	0.5149	0.4987
358.4448	0.4895	0.5176	0.5158
358.5972	0.4888	0.5175	0.5380
358.7496	0.4873	0.5138	0.5312
358.9020	0.4835	0.5076	0.5170
359.0544	0.4818	0.5010	0.4972
359.2068	0.4764	0.4956	0.4792
359.3592	0.4721	0.4919	0.4840
359.5116	0.4712	0.4894	0.4843
359.6640	0.4705	0.4876	0.4830
359.8164	0.4714	0.4871	0.4736
359.9688	0.4736	0.4885	0.4746
360.1212	0.4738	0.4915	0.4824
360.2736	0.4740	0.4951	0.4904
360.4260	0.4755	0.4981	0.4907
360.5784	0.4784	0.4999	0.4915
360.7308	0.4792	0.5006	0.4881
360.8832	0.4792	0.5005	0.4874
361.0356	0.4790	0.4999	0.4875
361.1880	0.4789	0.4990	0.4869
361.3404	0.4787	0.4979	0.4840
361.4928	0.4782	0.4970	0.4756
361.6452	0.4758	0.4964	0.4788
361.7976	0.4738	0.4957	0.4783
361.9500	0.4733	0.4944	0.4791
362.1024	0.4716	0.4920	0.4880
362.2548	0.4678	0.4887	0.4872
362.4072	0.4667	0.4852	0.4854
362.5596	0.4668	0.4822	0.4698
362.7120	0.4634	0.4802	0.4705
362.8644	0.4608	0.4792	0.4709
363.0168	0.4609	0.4788	0.4684
363.1692	0.4611	0.4791	0.4553
363.3216	0.4636	0.4800	0.4548
363.4740	0.4674	0.4813	0.4539
363.6264	0.4679	0.4831	0.4687
363.7788	0.4684	0.4860	0.4955
363.9312	0.4711	0.4899	0.4960
364.0836	0.4727	0.4941	0.4973
364.2360	0.4728	0.4969	0.4863
364.3884	0.4730	0.4973	0.4662
364.5408	0.4721	0.4950	0.4663
364.6932	0.4717	0.4916	0.4656
364.8456	0.4716	0.4887	0.4669
364.9980	0.4713	0.4873	0.4691
365.1504	0.4708	0.4874	0.4671
365.3028	0.4707	0.4884	0.4682
365.4552	0.4705	0.4896	0.4770
365.6076	0.4702	0.4904	0.4778
365.7600	0.4701	0.4905	0.4765
365.9124	0.4700	0.4901	0.4782
366.0648	0.4699	0.4894	0.4745
366.2172	0.4694	0.4887	0.4736
366.3696	0.4685	0.4881	0.4734
366.5220	0.4687	0.4878	0.4739
366.6744	0.4688	0.4876	0.4770
366.8268	0.4678	0.4873	0.4783
366.9792	0.4676	0.4869	0.4777
367.1316	0.4684	0.4866	0.4781
367.2840	0.4688	0.4867	0.4737
367.4364	0.4709	0.4873	0.4732
367.5888	0.4716	0.4885	0.4730
367.7412	0.4725	0.4907	0.4851
367.8936	0.4762	0.4939	0.4927
368.0460	0.4796	0.4979	0.4906
368.1984	0.4808	0.5023	0.4943
368.3508	0.4824	0.5065	0.5058
368.5032	0.4912	0.5105	0.5064
368.6556	0.4945	0.5141	0.5056
368.8080	0.4952	0.5175	0.5096
368.9604	0.4962	0.5206	0.5335
369.1128	0.4938	0.5230	0.5330
369.2652	0.4933	0.5238	0.5357
369.4176	0.4917	0.5219	0.5099
369.5700	0.4910	0.5168	0.4855
369.7224	0.4902	0.5100	0.4862
369.8748	0.4846	0.5041	0.4812
370.0272	0.4824	0.5008	0.4973
370.1796	0.4812	0.5003	0.4997
370.3320	0.4804	0.5014	0.5063
370.4844	0.4806	0.5023	0.5079
370.6368	0.4818	0.5023	0.5067
370.7892	0.4838	0.5017	0.4894
370.9416	0.4847	0.5015	0.4886
371.0940	0.4857	0.5027	0.4938
371.2464	0.4891	0.5053	0.5000
371.3988	0.4941	0.5092	0.5001
371.5512	0.4953	0.5137	0.5035
371.7036	0.4980	0.5187	0.5203
371.8560	0.5037	0.5234	0.5222
372.0084	0.5062	0.5274	0.5228
372.1608	0.5074	0.5299	0.5273
372.3132	0.5101	0.5309	0.5183
372.4656	0.5112	0.5310	0.5189
372.6180	0.5120	0.5311	0.5190
372.7704	0.5115	0.5319	0.5252
372.9228	0.5113	0.5333	0.5283
373.0752	0.5098	0.5345	0.5288
373.2276	0.5078	0.5347	0.5254
373.3800	0.5069	0.5332	0.5186
373.5324	0.5057	0.5299	0.5157
373.6848	0.5019	0.5254	0.5103
373.8372	0.4981	0.5204	0.5094
373.9896	0.4967	0.5157	0.4960
374.1420	0.4952	0.5122	0.4924
374.2944	0.4909	0.5103	0.4937
374.4468	0.4862	0.5094	0.4941
374.5992	0.4843	0.5082	0.4983
374.7516	0.4811	0.5052	0.4861
374.9040	0.4764	0.5004	0.4858
375.0564	0.4746	0.4947	0.4858
375.2088	0.4728	0.4892	0.4730
375.3612	0.4656	0.4844	0.4575
375.5136	0.4628	0.4802	0.4568
375.6660	0.4618	0.4766	0.4545
375.8184	0.4597	0.4741	0.4522
375.9708	0.4572	0.4730	0.4533
376.1232	0.4570	0.4732	0.4527
376.2756	0.4570	0.4741	0.4639
376.4280	0.4570	0.4750	0.4709
376.5804	0.4578	0.4756	0.4702
376.7328	0.4586	0.4758	0.4716
376.8852	0.4600	0.4760	0.4679
377.0376	0.4610	0.4765	0.4708
377.1900	0.4634	0.4777	0.4725
377.3424	0.4664	0.4800	0.4758
377.4948	0.4744	0.4836	0.4735
377.6472	0.4843	0.4890	0.4737
377.7996	0.4937	0.4983	0.4835
377.9520	0.5032	0.5140	0.5090
378.1044	0.5297	0.5369	0.5115
378.2568	0.5640	0.5655	0.5154
378.4092	0.5751	0.5975	0.6254
378.5616	0.5967	0.6301	0.6922
378.7140	0.6186	0.6613	0.7255
378.8664	0.6523	0.6882	0.7465
379.0188	0.6650	0.7059	0.7525
379.1712	0.6717	0.7108	0.7424
379.3236	0.6764	0.7061	0.7423
379.4760	0.6726	0.6978	0.7246
379.6284	0.6747	0.6901	0.7140
379.7808	0.6758	0.6853	0.6907
379.9332	0.6737	0.6843	0.6843
380.0856	0.6735	0.6863	0.6841
380.2380	0.6734	0.6899	0.7208
380.3904	0.6731	0.6938	0.7702
380.5428	0.6724	0.6967	0.7718
380.6952	0.6710	0.6969	0.7717
380.8476	0.6699	0.6941	0.7448
381.0000	0.6680	0.6883	0.7038
381.1524	0.6647	0.6806	0.7033
381.3048	0.6572	0.6731	0.7034
381.4572	0.6531	0.6680	0.6949
381.6096	0.6528	0.6664	0.7070
381.7620	0.6519	0.6672	0.7073
381.9144	0.6498	0.6685	0.7446
382.0668	0.6514	0.6689	0.7615
382.2192	0.6509	0.6686	0.6995
382.3716	0.6504	0.6689	0.6966
382.5240	0.6517	0.6704	0.6955
382.6764	0.6532	0.6726	0.6968
382.8288	0.6522	0.6743	0.6986
382.9812	0.6504	0.6752	0.6684
383.1336	0.6514	0.6760	0.6678
383.2860	0.6459	0.6768	0.6669
383.4384	0.6323	0.6748	0.6963
383.5908	0.6249	0.6660	0.6952
383.7432	0.6172	0.6499	0.6934
383.8956	0.5949	0.6282	0.6876
384.0480	0.5553	0.6025	0.6089
384.2004	0.5452	0.5738	0.5381
384.3528	0.5367	0.5438	0.4784
384.5052	0.5055	0.5166	0.4771
384.6576	0.4828	0.4969	0.4772
384.8100	0.4771	0.4862	0.4721
384.9624	0.4715	0.4823	0.4683
385.1148	0.4609	0.4806	0.4686
385.2672	0.4576	0.4783	0.4686
385.4196	0.4557	0.4752	0.4627
385.5720	0.4549	0.4728	0.4559
385.7244	0.4581	0.4723	0.4558
385.8768	0.4590	0.4739	0.4550
386.0292	0.4596	0.4774	0.4700
386.1816	0.4641	0.4827	0.4803
386.3340	0.4704	0.4889	0.4789
386.4864	0.4721	0.4949	0.4826
386.6388	0.4766	0.4990	0.4949
386.7912	0.4785	0.5008	0.4968
386.9436	0.4794	0.5011	0.4964
387.0960	0.4816	0.5010	0.4920
387.2484	0.4834	0.5012	0.4813
387.4008	0.4840	0.5016	0.4816
387.5532	0.4841	0.5020	0.4872
387.7056	0.4834	0.5024	0.4873
387.8580	0.4835	0.5025	0.4867
388.0104	0.4839	0.5026	0.4866
388.1628	0.4840	0.5028	0.4884
388.3152	0.4841	0.5032	0.4895
388.4676	0.4840	0.5036	0.4906
388.6200	0.4837	0.5038	0.4910
388.7724	0.4836	0.5035	0.4889
388.9248	0.4835	0.5027	0.4850
389.0772	0.4830	0.5017	0.4813
389.2296	0.4820	0.5011	0.4820
389.3820	0.4812	0.5009	0.4855
389.5344	0.4809	0.5006	0.4878
389.6868	0.4795	0.4998	0.4873
389.8392	0.4793	0.4981	0.4798
389.9916	0.4792	0.4962	0.4751
390.1440	0.4794	0.4949	0.4728
390.2964	0.4803	0.4949	0.4741
390.4488	0.4805	0.4961	0.4749
390.6012	0.4803	0.4978	0.4878
390.7536	0.4802	0.4989	0.4934
390.9060	0.4787	0.4989	0.4940
391.0584	0.4771	0.4976	0.4934
391.2108	0.4767	0.4951	0.4907
391.3632	0.4757	0.4919	0.4795
391.5156	0.4725	0.4886	0.4794
391.6680	0.4713	0.4863	0.4744
391.8204	0.4707	0.4857	0.4696
391.9728	0.4698	0.4869	0.4743
392.1252	0.4688	0.4891	0.4729
392.2776	0.4690	0.4912	0.4731
392.4300	0.4687	0.4926	0.4808
392.5824	0.4704	0.4934	0.4831
392.7348	0.4716	0.4939	0.4832
392.8872	0.4715	0.4940	0.4831
393.0396	0.4710	0.4934	0.4755
393.1920	0.4698	0.4917	0.4709
393.3444	0.4692	0.4895	0.4711
393.4968	0.4678	0.4872	0.4701
393.6492	0.4665	0.4856	0.4726
393.8016	0.4647	0.4845	0.4728
393.9540	0.4628	0.4835	0.4738
394.1064	0.4622	0.4823	0.4647
394.2588	0.4616	0.4807	0.4651
394.4112	0.4608	0.4792	0.4587
394.5636	0.4589	0.4782	0.4577
394.7160	0.4582	0.4775	0.4610
394.8684	0.4575	0.4769	0.4649
395.0208	0.4561	0.4755	0.4646
395.1732	0.4558	0.4735	0.4625
395.3256	0.4551	0.4714	0.4572
395.4780	0.4551	0.4698	0.4480
395.6304	0.4555	0.4692	0.4491
395.7828	0.4558	0.4695	0.4501
395.9352	0.4569	0.4706	0.4544
396.0876	0.4575	0.4723	0.4578
396.2400	0.4596	0.4747	0.4653
396.3924	0.4620	0.4777	0.4653
396.5448	0.4624	0.4807	0.4658
396.6972	0.4631	0.4828	0.4730
396.8496	0.4641	0.4834	0.4727
397.0020	0.4639	0.4824	0.4720
397.1544	0.4636	0.4806	0.4680
397.3068	0.4630	0.4792	0.4639
397.4592	0.4611	0.4787	0.4644
397.6116	0.4622	0.4785	0.4697
397.7640	0.4595	0.4778	0.4737
397.9164	0.4566	0.4760	0.4762
398.0688	0.4565	0.4737	0.4773
398.2212	0.4569	0.4719	0.4577
398.3736	0.4573	0.4718	0.4580
398.5260	0.4578	0.4735	0.4499
398.6784	0.4602	0.4764	0.4629
398.8308	0.4615	0.4799	0.4794
398.9832	0.4629	0.4838	0.4794
399.1356	0.4679	0.4879	0.4832
399.2880	0.4745	0.4921	0.4872
399.4404	0.4771	0.4963	0.4910
399.5928	0.4801	0.5006	0.5008
399.7452	0.4855	0.5047	0.5005
399.8976	0.4891	0.5086	0.5018
400.0500	0.4943	0.5120	0.5062
400.2024	0.4992	0.5152	0.5133
400.3548	0.5011	0.5187	0.5138
400.5072	0.5038	0.5224	0.5174
400.6596	0.5058	0.5257	0.5262
400.8120	0.5084	0.5279	0.5253
400.9644	0.5090	0.5288	0.5260
401.1168	0.5089	0.5286	0.5292
401.2692	0.5082	0.5277	0.5297
401.4216	0.5049	0.5262	0.5248
401.5740	0.5038	0.5242	0.5206
401.7264	0.5025	0.5211	0.5122
401.8788	0.4968	0.5172	0.5100
402.0312	0.4917	0.5127	0.5103
402.1836	0.4904	0.5079	0.5069
402.3360	0.4842	0.5029	0.4860
402.4884	0.4764	0.4977	0.4877
402.6408	0.4736	0.4926	0.4882
402.7932	0.4680	0.4878	0.4733
402.9456	0.4604	0.4837	0.4679
403.0980	0.4577	0.4800	0.4669
403.2504	0.4533	0.4762	0.4668
403.4028	0.4475	0.4719	0.4539
403.5552	0.4458	0.4671	0.4531
403.7076	0.4433	0.4624	0.4456
403.8600	0.4423	0.4587	0.4396
404.0124	0.4421	0.4568	0.4399
404.1648	0.4427	0.4572	0.4402
404.3172	0.4460	0.4595	0.4474
404.4696	0.4470	0.4632	0.4486
404.6220	0.4483	0.4677	0.4567
404.7744	0.4542	0.4719	0.4579
404.9268	0.4584	0.4752	0.4582
405.0792	0.4591	0.4775	0.4600
405.2316	0.4626	0.4795	0.4676
405.3840	0.4698	0.4818	0.4681
405.5364	0.4717	0.4847	0.4680
405.6888	0.4732	0.4883	0.4777
405.8412	0.4770	0.4922	0.4877
405.9936	0.4789	0.4960	0.4805
406.1460	0.4796	0.4988	0.4892
406.2984	0.4800	0.4993	0.4960
406.4508	0.4791	0.4968	0.4944
406.6032	0.4774	0.4927	0.4936
406.7556	0.4772	0.4889	0.4729
406.9080	0.4770	0.4871	0.4640
407.0604	0.4761	0.4876	0.4645
407.2128	0.4767	0.4897	0.4650
407.3652	0.4768	0.4926	0.4734
407.5176	0.4770	0.4960	0.4959
407.6700	0.4799	0.4997	0.4964
407.8224	0.4820	0.5030	0.4964
407.9748	0.4833	0.5051	0.4982
408.1272	0.4833	0.5054	0.4840
408.2796	0.4809	0.5043	0.4832
408.4320	0.4801	0.5025	0.4820
408.5844	0.4793	0.5004	0.4859
408.7368	0.4750	0.4978	0.4872
408.8892	0.4718	0.4943	0.4798
409.0416	0.4710	0.4902	0.4753
409.1940	0.4699	0.4859	0.4647
409.3464	0.4659	0.4823	0.4650
409.4988	0.4646	0.4800	0.4643
409.6512	0.4641	0.4790	0.4633
409.8036	0.4633	0.4790	0.4613
409.9560	0.4629	0.4796	0.4605
410.1084	0.4631	0.4803	0.4608
410.2608	0.4630	0.4812	0.4689
410.4132	0.4639	0.4820	0.4703
410.5656	0.4660	0.4828	0.4703
410.7180	0.4665	0.4837	0.4705
410.8704	0.4666	0.4847	0.4701
411.0228	0.4682	0.4861	0.4700
411.1752	0.4708	0.4877	0.4702
411.3276	0.4713	0.4894	0.4721
411.4800	0.4721	0.4909	0.4807
411.6324	0.4742	0.4923	0.4799
411.7848	0.4759	0.4936	0.4763
411.9372	0.4766	0.4948	0.4818
412.0896	0.4791	0.4961	0.4832
412.2420	0.4804	0.4976	0.4828
412.3944	0.4810	0.4993	0.4832
412.5468	0.4818	0.5009	0.4863
412.6992	0.4834	0.5019	0.4864
412.8516	0.4846	0.5026	0.4862
413.0040	0.4856	0.5033	0.4877
413.1564	0.4868	0.5042	0.4914
413.3088	0.4899	0.5056	0.4912
413.4612	0.4941	0.5075	0.4912
413.6136	0.4953	0.5104	0.4948
413.7660	0.4980	0.5146	0.5045
413.9184	0.5016	0.5198	0.5054
414.0708	0.5028	0.5246	0.5066
414.2232	0.5035	0.5270	0.5195
414.3756	0.5032	0.5259	0.5165
414.5280	0.5025	0.5220	0.5163
414.6804	0.4994	0.5169	0.5094
414.8328	0.4948	0.5119	0.4926
414.9852	0.4917	0.5078	0.4850
415.1376	0.4898	0.5042	0.4829
415.2900	0.4860	0.5010	0.4832
415.4424	0.4799	0.4980	0.4845
415.5948	0.4776	0.4951	0.4794
415.7472	0.4746	0.4920	0.4743
415.8996	0.4694	0.4882	0.4732
416.0520	0.4674	0.4841	0.4724
416.2044	0.4655	0.4801	0.4697
416.3568	0.4602	0.4770	0.4556
416.5092	0.4581	0.4747	0.4547
416.6616	0.4571	0.4730	0.4548
416.8140	0.4539	0.4713	0.4552
416.9664	0.4525	0.4699	0.4541
417.1188	0.4520	0.4689	0.4537
417.2712	0.4523	0.4688	0.4539
417.4236	0.4539	0.4698	0.4551
417.5760	0.4540	0.4716	0.4554
417.7284	0.4541	0.4735	0.4581
417.8808	0.4540	0.4749	0.4667
418.0332	0.4534	0.4755	0.4661
418.1856	0.4534	0.4749	0.4644
418.3380	0.4527	0.4733	0.4538
418.4904	0.4510	0.4707	0.4485
418.6428	0.4513	0.4680	0.4461
418.7952	0.4514	0.4659	0.4455
418.9476	0.4524	0.4654	0.4459
419.1000	0.4556	0.4670	0.4454
419.2524	0.4578	0.4705	0.4521
419.4048	0.4595	0.4756	0.4680
419.5572	0.4640	0.4813	0.4692
419.7096	0.4674	0.4863	0.4775
419.8620	0.4696	0.4899	0.4812
420.0144	0.4735	0.4923	0.4738
420.1668	0.4803	0.4944	0.4719
420.3192	0.4826	0.4970	0.4720
420.4716	0.4847	0.5004	0.4861
420.6240	0.4875	0.5043	0.4944
420.7764	0.4924	0.5079	0.4949
420.9288	0.4944	0.5110	0.4998
421.0812	0.4957	0.5139	0.5031
421.2336	0.5003	0.5173	0.5021
421.3860	0.5063	0.5211	0.5029
421.5384	0.5069	0.5249	0.5069
421.6908	0.5072	0.5282	0.5244
421.8432	0.5084	0.5308	0.5256
421.9956	0.5086	0.5325	0.5247
422.1480	0.5078	0.5328	0.5222
422.3004	0.5069	0.5310	0.5062
422.4528	0.5032	0.5276	0.5053
422.6052	0.4999	0.5234	0.5059
422.7576	0.4954	0.5191	0.4996
422.9100	0.4935	0.5147	0.4913
423.0624	0.4921	0.5101	0.4924
423.2148	0.4877	0.5056	0.4905
423.3672	0.4858	0.5019	0.4817
423.5196	0.4845	0.4995	0.4843
423.6720	0.4814	0.4980	0.4872
423.8244	0.4780	0.4968	0.4877
423.9768	0.4765	0.4951	0.4871
424.1292	0.4748	0.4924	0.4764
424.2816	0.4693	0.4888	0.4721
424.4340	0.4654	0.4845	0.4720
424.5864	0.4640	0.4801	0.4616
424.7388	0.4614	0.4764	0.4498
424.8912	0.4575	0.4738	0.4492
425.0436	0.4549	0.4724	0.4500
425.1960	0.4539	0.4716	0.4614
425.3484	0.4531	0.4709	0.4602
425.5008	0.4530	0.4701	0.4600
425.6532	0.4529	0.4694	0.4545
425.8056	0.4525	0.4690	0.4546
425.9580	0.4521	0.4692	0.4593
426.1104	0.4523	0.4699	0.4587
426.2628	0.4522	0.4706	0.4596
426.4152	0.4519	0.4710	0.4550
426.5676	0.4515	0.4709	0.4563
426.7200	0.4505	0.4705	0.4563
426.8724	0.4491	0.4698	0.4563
427.0248	0.4476	0.4687	0.4525
427.1772	0.4470	0.4669	0.4484
427.3296	0.4463	0.4648	0.4482
427.4820	0.4440	0.4625	0.4466
427.6344	0.4425	0.4605	0.4444
427.7868	0.4419	0.4590	0.4443
427.9392	0.4413	0.4579	0.4456
428.0916	0.4394	0.4569	0.4451
428.2440	0.4381	0.4561	0.4459
428.3964	0.4385	0.4556	0.4379
428.5488	0.4389	0.4552	0.4349
428.7012	0.4389	0.4549	0.4349
428.8536	0.4400	0.4549	0.4355
429.0060	0.4415	0.4559	0.4380
429.1584	0.4433	0.4584	0.4408
429.3108	0.4498	0.4621	0.4403
429.4632	0.4560	0.4664	0.4401
429.6156	0.4575	0.4717	0.4545
429.7680	0.4604	0.4789	0.4657
429.9204	0.4738	0.4885	0.4657
430.0728	0.4834	0.4992	0.4656
430.2252	0.4861	0.5094	0.5043
430.3776	0.4927	0.5179	0.5272
430.5300	0.5053	0.5244	0.5226
430.6824	0.5101	0.5294	0.5200
430.8348	0.5156	0.5327	0.5247
430.9872	0.5183	0.5342	0.5207
431.1396	0.5207	0.5347	0.5201
431.2920	0.5224	0.5355	0.5177
431.4444	0.5240	0.5371	0.5190
431.5968	0.5249	0.5395	0.5237
431.7492	0.5253	0.5421	0.5360
431.9016	0.5254	0.5439	0.5344
432.0540	0.5249	0.5442	0.5396
432.2064	0.5239	0.5428	0.5355
432.3588	0.5200	0.5396	0.5199
432.5112	0.5177	0.5351	0.5163
432.6636	0.5163	0.5300	0.5148
432.8160	0.5127	0.5253	0.5115
432.9684	0.5077	0.5217	0.5046
433.1208	0.5053	0.5194	0.5019
433.2732	0.5034	0.5180	0.5047
433.4256	0.5009	0.5168	0.5093
433.5780	0.4951	0.5154	0.5090
433.7304	0.4927	0.5133	0.5096
433.8828	0.4908	0.5102	0.4945
434.0352	0.4874	0.5062	0.4869
434.1876	0.4830	0.5018	0.4872
434.3400	0.4806	0.4978	0.4836
434.4924	0.4750	0.4944	0.4755
434.6448	0.4713	0.4915	0.4748
434.7972	0.4700	0.4888	0.4749
434.9496	0.4683	0.4862	0.4730
435.1020	0.4642	0.4838	0.4690
435.2544	0.4624	0.4815	0.4684
435.4068	0.4621	0.4795	0.4617
435.5592	0.4620	0.4778	0.4586
435.7116	0.4616	0.4768	0.4591
435.8640	0.4624	0.4767	0.4586
436.0164	0.4639	0.4779	0.4603
436.1688	0.4683	0.4803	0.4634
436.3212	0.4711	0.4838	0.4627
436.4736	0.4730	0.4879	0.4664
436.6260	0.4787	0.4927	0.4833
436.7784	0.4864	0.4982	0.4877
436.9308	0.4886	0.5043	0.4912
437.0832	0.4913	0.5102	0.5094
437.2356	0.4965	0.5150	0.5105
437.3880	0.4981	0.5176	0.5111
437.5404	0.4994	0.5181	0.5102
437.6928	0.4999	0.5169	0.5008
437.8452	0.4999	0.5148	0.5006
437.9976	0.4997	0.5129	0.4975
438.1500	0.4991	0.5121	0.4970
438.3024	0.4983	0.5126	0.5003
438.4548	0.4963	0.5140	0.5012
438.6072	0.4944	0.5151	0.5047
438.7596	0.4927	0.5147	0.5075
438.9120	0.4914	0.5121	0.5008
439.0644	0.4904	0.5080	0.4894
439.2168	0.4892	0.5039	0.4832
439.3692	0.4867	0.5012	0.4776
439.5216	0.4855	0.5005	0.4825
439.6740	0.4847	0.5010	0.4915
439.8264	0.4825	0.5017	0.4915
439.9788	0.4812	0.5015	0.4917
440.1312	0.4807	0.5005	0.4917
440.2836	0.4799	0.4987	0.4801
440.4360	0.4790	0.4965	0.4781
440.5884	0.4758	0.4944	0.4780
440.7408	0.4742	0.4923	0.4753
440.8932	0.4733	0.4902	0.4764
441.0456	0.4706	0.4879	0.4746
441.1980	0.4674	0.4854	0.4749
441.3504	0.4662	0.4830	0.4726
441.5028	0.4653	0.4809	0.4625
441.6552	0.4639	0.4795	0.4612
441.8076	0.4606	0.4783	0.4612
441.9600	0.4596	0.4774	0.4615
442.1124	0.4590	0.4764	0.4585
442.2648	0.4583	0.4755	0.4577
442.4172	0.4581	0.4748	0.4582
442.5696	0.4577	0.4745	0.4570
442.7220	0.4575	0.4747	0.4617
442.8744	0.4578	0.4753	0.4640
443.0268	0.4584	0.4760	0.4637
443.1792	0.4604	0.4766	0.4606
443.3316	0.4613	0.4773	0.4550
443.4840	0.4625	0.4787	0.4578
443.6364	0.4657	0.4811	0.4631
443.7888	0.4676	0.4842	0.4637
443.9412	0.4687	0.4873	0.4713
444.0936	0.4707	0.4899	0.4783
444.2460	0.4756	0.4916	0.4785
444.3984	0.4772	0.4928	0.4784
444.5508	0.4784	0.4940	0.4790
444.7032	0.4805	0.4954	0.4837
444.8556	0.4814	0.4969	0.4834
445.0080	0.4819	0.4982	0.4857
445.1604	0.4826	0.4990	0.4854
445.3128	0.4830	0.4992	0.4862
445.4652	0.4827	0.4987	0.4865
445.6176	0.4820	0.4979	0.4816
445.7700	0.4809	0.4968	0.4822
445.9224	0.4793	0.4954	0.4813
446.0748	0.4784	0.4939	0.4799
446.2272	0.4766	0.4924	0.4757
446.3796	0.4747	0.4910	0.4750
446.5320	0.4735	0.4897	0.4714
446.6844	0.4709	0.4882	0.4733
446.8368	0.4692	0.4866	0.4726
446.9892	0.4677	0.4850	0.4724
447.1416	0.4644	0.4833	0.4699
447.2940	0.4628	0.4816	0.4669
447.4464	0.4617	0.4798	0.4668
447.5988	0.4592	0.4777	0.4589
447.7512	0.4567	0.4755	0.4583
447.9036	0.4560	0.4734	0.4573
448.0560	0.4553	0.4716	0.4529
448.2084	0.4526	0.4701	0.4527
448.3608	0.4515	0.4690	0.4529
448.5132	0.4520	0.4683	0.4539
448.6656	0.4525	0.4679	0.4521
448.8180	0.4530	0.4677	0.4525
448.9704	0.4553	0.4679	0.4523
449.1228	0.4566	0.4693	0.4501
449.2752	0.4585	0.4724	0.4562
449.4276	0.4647	0.4773	0.4567
449.5800	0.4691	0.4829	0.4570
449.7324	0.4714	0.4879	0.4816
449.8848	0.4741	0.4914	0.4882
450.0372	0.4832	0.4936	0.4887
450.1896	0.4880	0.4954	0.4882
450.3420	0.4904	0.4984	0.4839
450.4944	0.4951	0.5037	0.4924
450.6468	0.5018	0.5115	0.4929
450.7992	0.5043	0.5204	0.4985
450.9516	0.5053	0.5277	0.5288
451.1040	0.5082	0.5317	0.5284
451.2564	0.5102	0.5320	0.5277
451.4088	0.5101	0.5298	0.5209
451.5612	0.5092	0.5261	0.5041
451.7136	0.5047	0.5217	0.5001
451.8660	0.5024	0.5176	0.4998
452.0184	0.5010	0.5139	0.4973
452.1708	0.4952	0.5106	0.4961
452.3232	0.4869	0.5073	0.4962
452.4756	0.4846	0.5037	0.4956
452.6280	0.4818	0.4995	0.4789
452.7804	0.4746	0.4953	0.4765
452.9328	0.4706	0.4915	0.4768
453.0852	0.4697	0.4880	0.4723
453.2376	0.4675	0.4847	0.4621
453.3900	0.4621	0.4816	0.4618
453.5424	0.4602	0.4787	0.4604
453.6948	0.4600	0.4763	0.4584
453.8472	0.4580	0.4748	0.4579
453.9996	0.4560	0.4742	0.4598
454.1520	0.4560	0.4740	0.4589
454.3044	0.4560	0.4736	0.4569
454.4568	0.4554	0.4725	0.4528
454.6092	0.4557	0.4709	0.4590
454.7616	0.4561	0.4694	0.4528
454.9140	0.4563	0.4685	0.4512
455.0664	0.4560	0.4687	0.4512
455.2188	0.4563	0.4696	0.4512
455.3712	0.4566	0.4706	0.4597
455.5236	0.4585	0.4710	0.4624
455.6760	0.4590	0.4710	0.4625
455.8284	0.4583	0.4714	0.4540
455.9808	0.4609	0.4730	0.4562
456.1332	0.4632	0.4761	0.4566
456.2856	0.4629	0.4799	0.4604
456.4380	0.4626	0.4829	0.4751
456.5904	0.4618	0.4839	0.4763
456.7428	0.4619	0.4828	0.4756
456.8952	0.4619	0.4803	0.4683
457.0476	0.4590	0.4771	0.4505
457.2000	0.4595	0.4739	0.4551
457.3524	0.4608	0.4717	0.4527
457.5048	0.4631	0.4716	0.4465
457.6572	0.4675	0.4743	0.4460
457.8096	0.4701	0.4796	0.4488
457.9620	0.4728	0.4868	0.4916
458.1144	0.4829	0.4946	0.4957
458.2668	0.4986	0.5024	0.4957
458.4192	0.5017	0.5100	0.4963
458.5716	0.5067	0.5179	0.5154
458.7240	0.5148	0.5263	0.5171
458.8764	0.5188	0.5349	0.5168
459.0288	0.5231	0.5420	0.5290
459.1812	0.5237	0.5461	0.5385
459.3336	0.5234	0.5469	0.5384
459.4860	0.5190	0.5451	0.5365
459.6384	0.5178	0.5411	0.5196
459.7908	0.5173	0.5349	0.5102
459.9432	0.5099	0.5272	0.4968
460.0956	0.5053	0.5194	0.4966
460.2480	0.5048	0.5133	0.4948
460.4004	0.5034	0.5102	0.4899
460.5528	0.5006	0.5102	0.4900
460.7052	0.5006	0.5124	0.4900
460.8576	0.5011	0.5152	0.5041
461.0100	0.5017	0.5175	0.5119
461.1624	0.5050	0.5190	0.5117
461.3148	0.5064	0.5199	0.5114
461.4672	0.5074	0.5210	0.5087
461.6196	0.5094	0.5231	0.5090
461.7720	0.5155	0.5260	0.5088
461.9244	0.5185	0.5297	0.5085
462.0768	0.5200	0.5340	0.5187
462.2292	0.5235	0.5388	0.5220
462.3816	0.5292	0.5438	0.5223
462.5340	0.5321	0.5479	0.5293
462.6864	0.5326	0.5503	0.5398
462.8388	0.5335	0.5510	0.5398
462.9912	0.5319	0.5504	0.5400
463.1436	0.5311	0.5488	0.5385
463.2960	0.5260	0.5453	0.5246
463.4484	0.5214	0.5396	0.5167
463.6008	0.5194	0.5324	0.5163
463.7532	0.5137	0.5255	0.5088
463.9056	0.5072	0.5205	0.4992
464.0580	0.5054	0.5178	0.4990
464.2104	0.5022	0.5164	0.5001
464.3628	0.4983	0.5153	0.5006
464.5152	0.4972	0.5139	0.5005
464.6676	0.4964	0.5125	0.4962
464.8200	0.4959	0.5117	0.4960
464.9724	0.4962	0.5118	0.4953
465.1248	0.4974	0.5129	0.4988
465.2772	0.4986	0.5148	0.4967
465.4296	0.4994	0.5178	0.4951
465.5820	0.5039	0.5222	0.5034
465.7344	0.5102	0.5275	0.5078
465.8868	0.5112	0.5322	0.5094
466.0392	0.5120	0.5350	0.5300
466.1916	0.5128	0.5356	0.5340
466.3440	0.5136	0.5341	0.5325
466.4964	0.5131	0.5311	0.5249
466.6488	0.5123	0.5266	0.5042
466.8012	0.5075	0.5211	0.5032
466.9536	0.5012	0.5156	0.5030
467.1060	0.4994	0.5108	0.4990
467.2584	0.4942	0.5069	0.4877
467.4108	0.4860	0.5036	0.4883
467.5632	0.4830	0.5000	0.4882
467.7156	0.4799	0.4962	0.4796
467.8680	0.4760	0.4927	0.4713
468.0204	0.4731	0.4898	0.4714
468.1728	0.4715	0.4876	0.4731
468.3252	0.4689	0.4857	0.4750
468.4776	0.4669	0.4842	0.4743
468.6300	0.4660	0.4828	0.4716
468.7824	0.4647	0.4816	0.4734
468.9348	0.4639	0.4804	0.4742
469.0872	0.4637	0.4793	0.4739
469.2396	0.4632	0.4786	0.4688
469.3920	0.4633	0.4785	0.4682
469.5444	0.4632	0.4793	0.4688
469.6968	0.4637	0.4807	0.4724
469.8492	0.4642	0.4825	0.4736
470.0016	0.4641	0.4840	0.4735
470.1540	0.4634	0.4846	0.4817
470.3064	0.4626	0.4837	0.4840
470.4588	0.4622	0.4817	0.4843
470.6112	0.4609	0.4789	0.4705
470.7636	0.4589	0.4764	0.4619
470.9160	0.4589	0.4745	0.4617
471.0684	0.4587	0.4738	0.4597
471.2208	0.4584	0.4742	0.4608
471.3732	0.4598	0.4753	0.4610
471.5256	0.4614	0.4770	0.4665
471.6780	0.4621	0.4788	0.4766
471.8304	0.4649	0.4806	0.4766
471.9828	0.4693	0.4825	0.4752
472.1352	0.4706	0.4843	0.4739
472.2876	0.4714	0.4857	0.4822
472.4400	0.4718	0.4864	0.4882
472.5924	0.4723	0.4864	0.4878
472.7448	0.4739	0.4861	0.4797
472.8972	0.4755	0.4865	0.4663
473.0496	0.4777	0.4883	0.4638
473.2020	0.4826	0.4917	0.4746
473.3544	0.4859	0.4965	0.4813
473.5068	0.4926	0.5025	0.4904
473.6592	0.4979	0.5100	0.5015
473.8116	0.5063	0.5185	0.5109
473.9640	0.5111	0.5268	0.5201
474.1164	0.5162	0.5335	0.5227
474.2688	0.5250	0.5379	0.5209
474.4212	0.5292	0.5409	0.5251
474.5736	0.5306	0.5436	0.5298
474.7260	0.5318	0.5468	0.5480
474.8784	0.5324	0.5497	0.5515
475.0308	0.5319	0.5514	0.5486
475.1832	0.5315	0.5507	0.5416
475.3356	0.5300	0.5476	0.5381
475.4880	0.5240	0.5428	0.5381
475.6404	0.5224	0.5378	0.5335
475.7928	0.5217	0.5341	0.5140
475.9452	0.5193	0.5322	0.5106
476.0976	0.5172	0.5319	0.5107
476.2500	0.5171	0.5325	0.5122
476.4024	0.5171	0.5332	0.5176
476.5548	0.5176	0.5334	0.5199
476.7072	0.5177	0.5331	0.5192
476.8596	0.5179	0.5322	0.5167
477.0120	0.5175	0.5309	0.5177
477.1644	0.5165	0.5292	0.5175
477.3168	0.5168	0.5273	0.5129
477.4692	0.5167	0.5256	0.5061
477.6216	0.5166	0.5243	0.5054
477.7740	0.5182	0.5240	0.5057
477.9264	0.5197	0.5253	0.5049
478.0788	0.5224	0.5288	0.5083
478.2312	0.5273	0.5340	0.5088
478.3836	0.5324	0.5399	0.5140
478.5360	0.5354	0.5456	0.5311
478.6884	0.5452	0.5507	0.5438
478.8408	0.5539	0.5562	0.5444
478.9932	0.5571	0.5632	0.5536
479.1456	0.5626	0.5734	0.5783
479.2980	0.5784	0.5877	0.6019
479.4504	0.5834	0.6055	0.6045
479.6028	0.5864	0.6244	0.6233
479.7552	0.5980	0.6400	0.6034
479.9076	0.6079	0.6488	0.6030
480.0600	0.6094	0.6507	0.6000
480.2124	0.6134	0.6486	0.6216
480.3648	0.6135	0.6457	0.6249
480.5172	0.6122	0.6436	0.6250
480.6696	0.6072	0.6419	0.6146
480.8220	0.6051	0.6388	0.5976
480.9744	0.5996	0.6333	0.5980
481.1268	0.5977	0.6262	0.5934
481.2792	0.5946	0.6188	0.6070
481.4316	0.5863	0.6120	0.6109
481.5840	0.5830	0.6053	0.6028
481.7364	0.5798	0.5978	0.5922
481.8888	0.5681	0.5888	0.5645
482.0412	0.5581	0.5787	0.5637
482.1936	0.5542	0.5680	0.5576
482.3460	0.5457	0.5572	0.5211
482.4984	0.5283	0.5470	0.5174
482.6508	0.5241	0.5379	0.5157
482.8032	0.5214	0.5304	0.4921
482.9556	0.5159	0.5248	0.4868
483.1080	0.5085	0.5213	0.4873
483.2604	0.5077	0.5199	0.4919
483.4128	0.5078	0.5208	0.5104
483.5652	0.5113	0.5240	0.5128
483.7176	0.5159	0.5286	0.5125
483.8700	0.5197	0.5338	0.5186
484.0224	0.5293	0.5396	0.5353
484.1748	0.5355	0.5463	0.5367
484.3272	0.5374	0.5541	0.5411
484.4796	0.5431	0.5624	0.5570
484.6320	0.5486	0.5700	0.5733
484.7844	0.5490	0.5750	0.5744
484.9368	0.5484	0.5765	0.5727
485.0892	0.5451	0.5738	0.5664
485.2416	0.5391	0.5680	0.5664
485.3940	0.5369	0.5603	0.5523
485.5464	0.5338	0.5519	0.5291
485.6988	0.5217	0.5438	0.5222
485.8512	0.5163	0.5366	0.5208
486.0036	0.5132	0.5306	0.5176
486.1560	0.5067	0.5261	0.5241
486.3084	0.5048	0.5227	0.5250
486.4608	0.5021	0.5200	0.5238
486.6132	0.5010	0.5178	0.5025
486.7656	0.5006	0.5162	0.4964
486.9180	0.5007	0.5153	0.4972
487.0704	0.5010	0.5155	0.5059
487.2228	0.5020	0.5169	0.5083
487.3752	0.5024	0.5192	0.5189
487.5276	0.5028	0.5218	0.5225
487.6800	0.5056	0.5241	0.5229
487.8324	0.5080	0.5259	0.5208
487.9848	0.5080	0.5273	0.5211
488.1372	0.5083	0.5286	0.5250
488.2896	0.5076	0.5301	0.5252
488.4420	0.5072	0.5313	0.5266
488.5944	0.5073	0.5315	0.5329
488.7468	0.5060	0.5303	0.5238
488.8992	0.5058	0.5281	0.5234
489.0516	0.5073	0.5262	0.5176
489.2040	0.5106	0.5256	0.5151
489.3564	0.5157	0.5268	0.5157
489.5088	0.5226	0.5307	0.5150
489.6612	0.5378	0.5389	0.5261
489.8136	0.5446	0.5530	0.5584
489.9660	0.5512	0.5726	0.5666
490.1184	0.5682	0.5940	0.6486
490.2708	0.5810	0.6128	0.6438
490.4232	0.5892	0.6276	0.6178
490.5756	0.6152	0.6424	0.6042
490.7280	0.6630	0.6616	0.6082
490.8804	0.6744	0.6871	0.6124
491.0328	0.6853	0.7179	0.7306
491.1852	0.7123	0.7510	0.8046
491.3376	0.7268	0.7810	0.8046
491.4900	0.7345	0.8006	0.8939
491.6424	0.7395	0.8028	0.7996
491.7948	0.7387	0.7872	0.7852
491.9472	0.7314	0.7620	0.7743
492.0996	0.7033	0.7368	0.7216
492.2520	0.6858	0.7165	0.7043
492.4044	0.6767	0.7015	0.6962
492.5568	0.6681	0.6908	0.6917
492.7092	0.6608	0.6838	0.6899
492.8616	0.6514	0.6793	0.6988
493.0140	0.6412	0.6755	0.7099
493.1664	0.6366	0.6695	0.7075
493.3188	0.6323	0.6602	0.6969
493.4712	0.6217	0.6491	0.6793
493.6236	0.6134	0.6383	0.6677
493.7760	0.6101	0.6290	0.6566
493.9284	0.6018	0.6207	0.6397
494.0808	0.5901	0.6125	0.6363
494.2332	0.5862	0.6048	0.6322
494.3856	0.5839	0.5990	0.6122
494.5380	0.5811	0.5959	0.6102
494.6904	0.5805	0.5954	0.6111
494.8428	0.5809	0.5969	0.6162
494.9952	0.5827	0.5998	0.6311
495.1476	0.5872	0.6039	0.6349
495.3000	0.5911	0.6091	0.6372
495.4524	0.5976	0.6154	0.6444
495.6048	0.6075	0.6229	0.6507
495.7572	0.6133	0.6317	0.6531
495.9096	0.6184	0.6418	0.6631
496.0620	0.6301	0.6531	0.6877
496.2144	0.6426	0.6650	0.6977
496.3668	0.6494	0.6771	0.7141
496.5192	0.6546	0.6884	0.7345
496.6716	0.6555	0.6973	0.7360
496.8240	0.6497	0.7013	0.7443
496.9764	0.6375	0.6971	0.7533
497.1288	0.6236	0.6818	0.7285
497.2812	0.6153	0.6552	0.6875
497.4336	0.5961	0.6217	0.6196
497.5860	0.5838	0.5872	0.5562
497.7384	-999.2500	-999.2500	-999.2500
497.8908	-999.2500	-999.2500	-999.2500
